timestamp,temperature,humidity
2024-01-30 00:00:03,812,74
2024-01-30 00:00:13,812,73
2024-01-30 00:00:22,812,73
2024-01-30 00:00:32,812,70
2024-01-30 00:00:41,812,66
2024-01-30 00:00:51,812,61
2024-01-30 00:01:00,812,56
2024-01-30 00:01:09,810,51
2024-01-30 00:01:19,812,50
2024-01-30 00:01:28,811,55
2024-01-30 00:01:37,811,57
2024-01-30 00:01:47,810,58
2024-01-30 00:01:57,808,61
2024-01-30 00:02:06,807,63
2024-01-30 00:02:15,807,61
2024-01-30 00:02:24,809,59
2024-01-30 00:02:34,812,60
2024-01-30 00:02:44,810,59
2024-01-30 00:02:54,810,58
2024-01-30 00:03:03,811,56
2024-01-30 00:03:12,812,55
2024-01-30 00:03:21,812,52
2024-01-30 00:03:30,812,49
2024-01-30 00:03:40,812,47
2024-01-30 00:03:49,812,50
2024-01-30 00:03:59,812,55
2024-01-30 00:04:08,810,53
2024-01-30 00:04:18,809,48
2024-01-30 00:04:28,812,50
2024-01-30 00:04:38,810,54
2024-01-30 00:04:48,808,54
2024-01-30 00:04:58,810,59
2024-01-30 00:05:08,812,60
2024-01-30 00:05:17,812,61
2024-01-30 00:05:27,812,66
2024-01-30 00:05:37,812,71
2024-01-30 00:05:47,812,68
2024-01-30 00:05:57,812,63
2024-01-30 00:06:07,812,59
2024-01-30 00:06:16,812,55
2024-01-30 00:06:26,812,59
2024-01-30 00:06:35,812,56
2024-01-30 00:06:44,812,60
2024-01-30 00:06:53,812,63
2024-01-30 00:07:03,812,68
2024-01-30 00:07:13,812,73
2024-01-30 00:07:23,812,71
2024-01-30 00:07:32,812,72
2024-01-30 00:07:42,810,77
2024-01-30 00:07:52,812,79
2024-01-30 00:08:02,812,77
2024-01-30 00:08:11,812,78
2024-01-30 00:08:21,812,78
2024-01-30 00:08:30,812,80
2024-01-30 00:08:40,812,82
2024-01-30 00:08:49,810,77
2024-01-30 00:08:59,812,75
2024-01-30 00:09:08,812,71
2024-01-30 00:09:18,812,69
2024-01-30 00:09:27,812,64
2024-01-30 00:09:36,812,65
2024-01-30 00:09:46,812,69
2024-01-30 00:09:56,811,64
2024-01-30 00:10:06,812,60
2024-01-30 00:10:16,812,64
2024-01-30 00:10:25,812,69
2024-01-30 00:10:34,812,68
2024-01-30 00:10:43,812,66
2024-01-30 00:10:53,810,69
2024-01-30 00:11:03,812,65
2024-01-30 00:11:12,812,61
2024-01-30 00:11:21,812,62
2024-01-30 00:11:31,812,66
2024-01-30 00:11:40,812,69
2024-01-30 00:11:50,812,74
2024-01-30 00:12:00,812,75
2024-01-30 00:12:09,812,76
2024-01-30 00:12:19,812,77
2024-01-30 00:12:29,812,80
2024-01-30 00:12:38,811,83
2024-01-30 00:12:48,812,79
2024-01-30 00:12:58,811,79
2024-01-30 00:13:08,810,81
2024-01-30 00:13:17,811,85
2024-01-30 00:13:27,812,82
2024-01-30 00:13:36,812,81
2024-01-30 00:13:46,810,83
2024-01-30 00:13:55,812,79
2024-01-30 00:14:05,812,79
2024-01-30 00:14:15,812,83
2024-01-30 00:14:24,812,80
2024-01-30 00:14:34,810,77
2024-01-30 00:14:43,812,78
2024-01-30 00:14:53,811,81
2024-01-30 00:15:03,812,78
2024-01-30 00:15:13,810,80
2024-01-30 00:15:23,812,82
2024-01-30 00:15:33,810,86
2024-01-30 00:15:43,812,84
2024-01-30 00:15:52,812,83
2024-01-30 00:16:01,810,87
2024-01-30 00:16:11,812,88
2024-01-30 00:16:21,810,90
2024-01-30 00:16:31,812,93
2024-01-30 00:16:41,812,90
2024-01-30 00:16:50,812,91
2024-01-30 00:16:59,812,89
2024-01-30 00:17:09,812,93
2024-01-30 00:17:19,812,88
2024-01-30 00:17:29,812,93
2024-01-30 00:17:39,812,93
2024-01-30 00:17:48,812,93
2024-01-30 00:17:58,812,93
2024-01-30 00:18:08,812,92
2024-01-30 00:18:18,812,93
2024-01-30 00:18:28,812,90
2024-01-30 00:18:38,812,90
2024-01-30 00:18:48,811,89
2024-01-30 00:18:58,812,92
2024-01-30 00:19:08,812,93
2024-01-30 00:19:17,812,92
2024-01-30 00:19:26,812,93
2024-01-30 00:19:36,812,93
2024-01-30 00:19:46,812,93
2024-01-30 00:19:56,812,90
2024-01-30 00:20:05,812,85
2024-01-30 00:20:15,810,81
2024-01-30 00:20:25,808,82
2024-01-30 00:20:34,812,80
2024-01-30 00:20:43,812,75
2024-01-30 00:20:52,812,76
2024-01-30 00:21:02,810,76
2024-01-30 00:21:11,812,75
2024-01-30 00:21:21,812,71
2024-01-30 00:21:30,810,68
2024-01-30 00:21:40,808,70
2024-01-30 00:21:50,807,75
2024-01-30 00:22:00,811,70
2024-01-30 00:22:10,812,65
2024-01-30 00:22:19,812,64
2024-01-30 00:22:29,811,61
2024-01-30 00:22:39,809,61
2024-01-30 00:22:49,812,60
2024-01-30 00:22:58,810,58
2024-01-30 00:23:08,812,60
2024-01-30 00:23:18,812,61
2024-01-30 00:23:28,812,63
2024-01-30 00:23:37,812,64
2024-01-30 00:23:47,812,67
2024-01-30 00:23:57,811,71
2024-01-30 00:24:07,812,73
2024-01-30 00:24:17,812,77
2024-01-30 00:24:27,812,77
2024-01-30 00:24:37,811,76
2024-01-30 00:24:46,812,75
2024-01-30 00:24:56,812,75
2024-01-30 00:25:05,812,73
2024-01-30 00:25:14,812,77
2024-01-30 00:25:23,812,73
2024-01-30 00:25:32,811,74
2024-01-30 00:25:41,812,72
2024-01-30 00:25:50,812,73
2024-01-30 00:26:00,812,78
2024-01-30 00:26:09,812,80
2024-01-30 00:26:19,812,78
2024-01-30 00:26:28,810,74
2024-01-30 00:26:37,812,71
2024-01-30 00:26:46,811,67
2024-01-30 00:26:55,812,70
2024-01-30 00:27:05,812,67
2024-01-30 00:27:15,812,70
2024-01-30 00:27:24,812,69
2024-01-30 00:27:34,812,64
2024-01-30 00:27:44,812,60
2024-01-30 00:27:54,812,56
2024-01-30 00:28:03,810,51
2024-01-30 00:28:13,812,55
2024-01-30 00:28:23,812,58
2024-01-30 00:28:33,811,60
2024-01-30 00:28:43,809,55
2024-01-30 00:28:53,807,58
2024-01-30 00:29:03,812,57
2024-01-30 00:29:13,812,57
2024-01-30 00:29:22,812,55
2024-01-30 00:29:31,810,52
2024-01-30 00:29:41,812,50
2024-01-30 00:29:51,812,51
2024-01-30 00:30:01,810,46
2024-01-30 00:30:10,812,49
2024-01-30 00:30:20,812,45
2024-01-30 00:30:30,812,49
2024-01-30 00:30:40,811,53
2024-01-30 00:30:50,812,50
2024-01-30 00:30:59,812,55
2024-01-30 00:31:08,812,60
2024-01-30 00:31:18,810,60
2024-01-30 00:31:28,812,56
2024-01-30 00:31:38,812,56
2024-01-30 00:31:48,812,60
2024-01-30 00:31:57,812,56
2024-01-30 00:32:07,812,54
2024-01-30 00:32:16,812,57
2024-01-30 00:32:25,811,54
2024-01-30 00:32:35,812,49
2024-01-30 00:32:44,812,50
2024-01-30 00:32:53,812,48
2024-01-30 00:33:02,812,52
2024-01-30 00:33:12,812,52
2024-01-30 00:33:22,812,57
2024-01-30 00:33:31,812,53
2024-01-30 00:33:41,812,54
2024-01-30 00:33:51,812,55
2024-01-30 00:34:01,812,57
2024-01-30 00:34:10,811,52
2024-01-30 00:34:19,811,47
2024-01-30 00:34:28,812,42
2024-01-30 00:34:37,812,39
2024-01-30 00:34:47,811,42
2024-01-30 00:34:56,810,39
2024-01-30 00:35:05,812,44
2024-01-30 00:35:15,812,49
2024-01-30 00:35:24,812,53
2024-01-30 00:35:34,812,50
2024-01-30 00:35:44,812,50
2024-01-30 00:35:53,812,45
2024-01-30 00:36:02,811,48
2024-01-30 00:36:12,812,49
2024-01-30 00:36:21,812,48
2024-01-30 00:36:30,812,44
2024-01-30 00:36:40,812,49
2024-01-30 00:36:50,812,52
2024-01-30 00:36:59,811,53
2024-01-30 00:37:09,812,49
2024-01-30 00:37:18,812,45
2024-01-30 00:37:28,810,45
2024-01-30 00:37:38,812,46
2024-01-30 00:37:47,812,44
2024-01-30 00:37:57,812,39
2024-01-30 00:38:07,812,34
2024-01-30 00:38:17,812,31
2024-01-30 00:38:27,811,32
2024-01-30 00:38:37,812,35
2024-01-30 00:38:47,810,40
2024-01-30 00:38:57,810,38
2024-01-30 00:39:07,809,37
2024-01-30 00:39:16,810,38
2024-01-30 00:39:25,812,37
2024-01-30 00:39:35,812,42
2024-01-30 00:39:45,812,43
2024-01-30 00:39:55,812,46
2024-01-30 00:40:04,810,50
2024-01-30 00:40:13,810,48
2024-01-30 00:40:22,808,43
2024-01-30 00:40:32,809,42
2024-01-30 00:40:41,812,40
2024-01-30 00:40:50,811,41
2024-01-30 00:41:00,812,38
2024-01-30 00:41:09,812,37
2024-01-30 00:41:18,811,38
2024-01-30 00:41:27,811,39
2024-01-30 00:41:36,812,44
2024-01-30 00:41:45,812,43
2024-01-30 00:41:55,812,43
2024-01-30 00:42:05,812,38
2024-01-30 00:42:14,811,40
2024-01-30 00:42:23,810,41
2024-01-30 00:42:32,811,37
2024-01-30 00:42:41,809,40
2024-01-30 00:42:50,812,37
2024-01-30 00:43:00,812,35
2024-01-30 00:43:10,812,30
2024-01-30 00:43:19,812,33
2024-01-30 00:43:29,811,31
2024-01-30 00:43:38,809,26
2024-01-30 00:43:48,809,24
2024-01-30 00:43:57,812,28
2024-01-30 00:44:07,811,32
2024-01-30 00:44:16,812,36
2024-01-30 00:44:25,812,41
2024-01-30 00:44:34,812,39
2024-01-30 00:44:44,812,40
2024-01-30 00:44:54,812,36
2024-01-30 00:45:04,812,36
2024-01-30 00:45:13,811,40
2024-01-30 00:45:23,812,35
2024-01-30 00:45:32,812,40
2024-01-30 00:45:41,812,35
2024-01-30 00:45:50,812,38
2024-01-30 00:45:59,810,42
2024-01-30 00:46:09,812,45
2024-01-30 00:46:19,812,47
2024-01-30 00:46:28,812,47
2024-01-30 00:46:37,810,52
2024-01-30 00:46:46,809,53
2024-01-30 00:46:56,808,50
2024-01-30 00:47:05,808,45
2024-01-30 00:47:15,809,49
2024-01-30 00:47:24,812,49
2024-01-30 00:47:34,812,54
2024-01-30 00:47:43,812,53
2024-01-30 00:47:53,810,53
2024-01-30 00:48:03,812,50
2024-01-30 00:48:12,812,46
2024-01-30 00:48:22,812,50
2024-01-30 00:48:32,812,45
2024-01-30 00:48:41,812,45
2024-01-30 00:48:51,812,46
2024-01-30 00:49:01,811,42
2024-01-30 00:49:11,812,46
2024-01-30 00:49:21,812,41
2024-01-30 00:49:31,811,39
2024-01-30 00:49:40,812,38
2024-01-30 00:49:50,810,35
2024-01-30 00:49:59,812,30
2024-01-30 00:50:08,811,25
2024-01-30 00:50:17,812,24
2024-01-30 00:50:26,812,27
2024-01-30 00:50:35,812,32
2024-01-30 00:50:45,812,31
2024-01-30 00:50:55,812,30
2024-01-30 00:51:05,812,27
2024-01-30 00:51:15,811,29
2024-01-30 00:51:24,810,28
2024-01-30 00:51:33,809,32
2024-01-30 00:51:43,809,31
2024-01-30 00:51:52,811,32
2024-01-30 00:52:01,810,27
2024-01-30 00:52:11,812,29
2024-01-30 00:52:20,812,30
2024-01-30 00:52:30,812,32
2024-01-30 00:52:39,810,36
2024-01-30 00:52:49,811,37
2024-01-30 00:52:59,812,41
2024-01-30 00:53:08,812,44
2024-01-30 00:53:17,812,43
2024-01-30 00:53:26,810,47
2024-01-30 00:53:35,812,52
2024-01-30 00:53:45,812,53
2024-01-30 00:53:54,811,51
2024-01-30 00:54:03,812,55
2024-01-30 00:54:12,810,54
2024-01-30 00:54:21,808,58
2024-01-30 00:54:31,812,56
2024-01-30 00:54:41,812,57
2024-01-30 00:54:50,812,54
2024-01-30 00:54:59,812,50
2024-01-30 00:55:08,812,46
2024-01-30 00:55:17,812,47
2024-01-30 00:55:26,810,43
2024-01-30 00:55:36,811,45
2024-01-30 00:55:45,812,41
2024-01-30 00:55:55,811,41
2024-01-30 00:56:05,812,44
2024-01-30 00:56:15,810,44
2024-01-30 00:56:25,812,43
2024-01-30 00:56:35,812,46
2024-01-30 00:56:44,812,42
2024-01-30 00:56:54,812,43
2024-01-30 00:57:03,812,40
2024-01-30 00:57:13,812,42
2024-01-30 00:57:22,811,42
2024-01-30 00:57:32,812,44
2024-01-30 00:57:41,812,39
2024-01-30 00:57:50,812,43
2024-01-30 00:58:00,812,40
2024-01-30 00:58:09,812,37
2024-01-30 00:58:19,812,40
2024-01-30 00:58:28,812,35
2024-01-30 00:58:37,812,36
2024-01-30 00:58:47,812,39
2024-01-30 00:58:57,812,34
2024-01-30 00:59:06,810,32
2024-01-30 00:59:16,812,31
2024-01-30 00:59:26,812,34
2024-01-30 00:59:36,812,29
2024-01-30 00:59:46,812,28
2024-01-30 00:59:56,812,32
2024-01-30 01:00:06,812,31
2024-01-30 01:00:15,811,34
2024-01-30 01:00:25,810,34
2024-01-30 01:00:34,810,29
2024-01-30 01:00:44,812,34
2024-01-30 01:00:53,812,38
2024-01-30 01:01:03,812,37
2024-01-30 01:01:12,812,39
2024-01-30 01:01:22,812,41
2024-01-30 01:01:31,812,42
2024-01-30 01:01:41,810,44
2024-01-30 01:01:51,808,42
2024-01-30 01:02:00,810,40
2024-01-30 01:02:10,812,41
2024-01-30 01:02:20,811,39
2024-01-30 01:02:29,811,44
2024-01-30 01:02:38,809,49
2024-01-30 01:02:48,812,48
2024-01-30 01:02:57,812,49
2024-01-30 01:03:07,812,44
2024-01-30 01:03:16,812,48
2024-01-30 01:03:26,812,46
2024-01-30 01:03:35,812,51
2024-01-30 01:03:44,812,56
2024-01-30 01:03:53,812,57
2024-01-30 01:04:03,812,58
2024-01-30 01:04:12,812,62
2024-01-30 01:04:21,812,60
2024-01-30 01:04:31,812,65
2024-01-30 01:04:40,812,64
2024-01-30 01:04:49,812,61
2024-01-30 01:04:59,812,65
2024-01-30 01:05:08,812,66
2024-01-30 01:05:18,812,61
2024-01-30 01:05:27,812,64
2024-01-30 01:05:37,810,60
2024-01-30 01:05:46,812,55
2024-01-30 01:05:55,812,57
2024-01-30 01:06:04,812,54
2024-01-30 01:06:14,812,50
2024-01-30 01:06:24,812,54
2024-01-30 01:06:34,812,53
2024-01-30 01:06:43,810,56
2024-01-30 01:06:53,812,52
2024-01-30 01:07:03,812,48
2024-01-30 01:07:13,812,47
2024-01-30 01:07:23,812,47
2024-01-30 01:07:33,812,49
2024-01-30 01:07:43,812,53
2024-01-30 01:07:53,812,57
2024-01-30 01:08:02,810,61
2024-01-30 01:08:11,812,63
2024-01-30 01:08:20,812,65
2024-01-30 01:08:29,812,61
2024-01-30 01:08:38,812,59
2024-01-30 01:08:47,812,54
2024-01-30 01:08:57,812,57
2024-01-30 01:09:07,812,56
2024-01-30 01:09:17,812,59
2024-01-30 01:09:26,812,56
2024-01-30 01:09:35,812,54
2024-01-30 01:09:45,812,58
2024-01-30 01:09:55,812,55
2024-01-30 01:10:04,812,53
2024-01-30 01:10:14,812,56
2024-01-30 01:10:24,812,51
2024-01-30 01:10:33,812,56
2024-01-30 01:10:43,812,56
2024-01-30 01:10:53,812,59
2024-01-30 01:11:02,812,64
2024-01-30 01:11:11,812,67
2024-01-30 01:11:20,812,72
2024-01-30 01:11:30,812,74
2024-01-30 01:11:40,811,75
2024-01-30 01:11:49,810,74
2024-01-30 01:11:59,812,74
2024-01-30 01:12:09,812,71
2024-01-30 01:12:18,812,69
2024-01-30 01:12:28,811,73
2024-01-30 01:12:37,812,75
2024-01-30 01:12:46,812,72
2024-01-30 01:12:55,812,76
2024-01-30 01:13:04,812,75
2024-01-30 01:13:13,812,73
2024-01-30 01:13:22,812,73
2024-01-30 01:13:32,812,75
2024-01-30 01:13:42,812,77
2024-01-30 01:13:51,812,77
2024-01-30 01:14:01,812,76
2024-01-30 01:14:10,812,75
2024-01-30 01:14:20,812,77
2024-01-30 01:14:29,812,78
2024-01-30 01:14:39,812,81
2024-01-30 01:14:48,812,80
2024-01-30 01:14:58,812,83
2024-01-30 01:15:07,812,88
2024-01-30 01:15:16,812,87
2024-01-30 01:15:25,812,82
2024-01-30 01:15:35,812,84
2024-01-30 01:15:44,812,85
2024-01-30 01:15:53,812,80
2024-01-30 01:16:02,811,81
2024-01-30 01:16:11,812,80
2024-01-30 01:16:21,812,77
2024-01-30 01:16:31,812,72
2024-01-30 01:16:41,812,75
2024-01-30 01:16:50,812,78
2024-01-30 01:17:00,811,80
2024-01-30 01:17:09,812,75
2024-01-30 01:17:18,812,72
2024-01-30 01:17:28,812,71
2024-01-30 01:17:37,812,71
2024-01-30 01:17:47,812,67
2024-01-30 01:17:57,812,70
2024-01-30 01:18:06,812,69
2024-01-30 01:18:16,812,73
2024-01-30 01:18:26,812,76
2024-01-30 01:18:36,812,75
2024-01-30 01:18:46,812,76
2024-01-30 01:18:55,811,73
2024-01-30 01:19:05,809,77
2024-01-30 01:19:14,812,72
2024-01-30 01:19:23,812,71
2024-01-30 01:19:32,812,71
2024-01-30 01:19:41,812,72
2024-01-30 01:19:50,812,74
2024-01-30 01:20:00,812,74
2024-01-30 01:20:09,812,69
2024-01-30 01:20:18,812,72
2024-01-30 01:20:28,812,72
2024-01-30 01:20:37,812,75
2024-01-30 01:20:47,812,74
2024-01-30 01:20:56,812,70
2024-01-30 01:21:05,812,65
2024-01-30 01:21:14,811,70
2024-01-30 01:21:24,812,75
2024-01-30 01:21:34,812,74
2024-01-30 01:21:43,810,73
2024-01-30 01:21:53,812,68
2024-01-30 01:22:03,812,72
2024-01-30 01:22:12,812,74
2024-01-30 01:22:21,810,73
2024-01-30 01:22:31,812,70
2024-01-30 01:22:40,812,69
2024-01-30 01:22:49,812,74
2024-01-30 01:22:58,812,70
2024-01-30 01:23:08,810,65
2024-01-30 01:23:17,812,68
2024-01-30 01:23:27,811,65
2024-01-30 01:23:37,810,63
2024-01-30 01:23:47,811,65
2024-01-30 01:23:57,812,68
2024-01-30 01:24:07,811,64
2024-01-30 01:24:16,812,68
2024-01-30 01:24:25,812,69
2024-01-30 01:24:35,812,70
2024-01-30 01:24:45,812,70
2024-01-30 01:24:54,812,72
2024-01-30 01:25:03,811,68
2024-01-30 01:25:12,812,72
2024-01-30 01:25:21,812,71
2024-01-30 01:25:30,812,72
2024-01-30 01:25:39,810,74
2024-01-30 01:25:48,810,78
2024-01-30 01:25:58,812,82
2024-01-30 01:26:08,812,82
2024-01-30 01:26:18,812,78
2024-01-30 01:26:28,812,75
2024-01-30 01:26:37,810,74
2024-01-30 01:26:46,812,76
2024-01-30 01:26:56,812,74
2024-01-30 01:27:06,810,79
2024-01-30 01:27:15,812,81
2024-01-30 01:27:25,812,79
2024-01-30 01:27:35,811,75
2024-01-30 01:27:44,812,73
2024-01-30 01:27:54,812,75
2024-01-30 01:28:04,812,70
2024-01-30 01:28:14,812,71
2024-01-30 01:28:23,812,72
2024-01-30 01:28:33,812,70
2024-01-30 01:28:43,812,69
2024-01-30 01:28:52,812,72
2024-01-30 01:29:01,812,69
2024-01-30 01:29:11,812,74
2024-01-30 01:29:20,812,77
2024-01-30 01:29:29,812,72
2024-01-30 01:29:39,812,77
2024-01-30 01:29:49,812,82
2024-01-30 01:29:58,812,83
2024-01-30 01:30:07,812,86
2024-01-30 01:30:17,812,88
2024-01-30 01:30:27,812,88
2024-01-30 01:30:37,812,88
2024-01-30 01:30:47,812,90
2024-01-30 01:30:56,812,90
2024-01-30 01:31:06,812,93
2024-01-30 01:31:15,812,93
2024-01-30 01:31:25,810,88
2024-01-30 01:31:34,810,89
2024-01-30 01:31:43,812,93
2024-01-30 01:31:53,812,90
2024-01-30 01:32:03,812,91
2024-01-30 01:32:12,812,91
2024-01-30 01:32:21,810,87
2024-01-30 01:32:31,812,92
2024-01-30 01:32:41,812,93
2024-01-30 01:32:50,812,93
2024-01-30 01:33:00,812,93
2024-01-30 01:33:09,811,93
2024-01-30 01:33:18,812,89
2024-01-30 01:33:27,812,86
2024-01-30 01:33:37,812,86
2024-01-30 01:33:47,812,85
2024-01-30 01:33:57,811,89
2024-01-30 01:34:06,812,87
2024-01-30 01:34:16,810,85
2024-01-30 01:34:25,812,86
2024-01-30 01:34:34,812,90
2024-01-30 01:34:44,812,87
2024-01-30 01:34:53,810,83
2024-01-30 01:35:02,810,88
2024-01-30 01:35:11,809,83
2024-01-30 01:35:21,812,88
2024-01-30 01:35:31,812,90
2024-01-30 01:35:40,810,88
2024-01-30 01:35:50,808,84
2024-01-30 01:35:59,806,80
2024-01-30 01:36:08,808,78
2024-01-30 01:36:18,807,77
2024-01-30 01:36:27,812,72
2024-01-30 01:36:36,812,69
2024-01-30 01:36:46,812,72
2024-01-30 01:36:56,812,71
2024-01-30 01:37:06,812,72
2024-01-30 01:37:15,812,72
2024-01-30 01:37:24,812,69
2024-01-30 01:37:34,812,66
2024-01-30 01:37:43,812,67
2024-01-30 01:37:53,812,72
2024-01-30 01:38:03,812,75
2024-01-30 01:38:12,812,77
2024-01-30 01:38:22,812,72
2024-01-30 01:38:32,811,69
2024-01-30 01:38:42,812,73
2024-01-30 01:38:51,812,76
2024-01-30 01:39:01,812,74
2024-01-30 01:39:11,812,78
2024-01-30 01:39:20,812,76
2024-01-30 01:39:29,812,76
2024-01-30 01:39:39,812,80
2024-01-30 01:39:49,812,79
2024-01-30 01:39:58,811,76
2024-01-30 01:40:08,812,80
2024-01-30 01:40:17,812,78
2024-01-30 01:40:26,810,75
2024-01-30 01:40:35,810,76
2024-01-30 01:40:44,811,76
2024-01-30 01:40:54,812,79
2024-01-30 01:41:04,812,82
2024-01-30 01:41:14,812,78
2024-01-30 01:41:23,812,75
2024-01-30 01:41:32,812,79
2024-01-30 01:41:42,812,82
2024-01-30 01:41:51,812,86
2024-01-30 01:42:00,812,88
2024-01-30 01:42:09,812,83
2024-01-30 01:42:18,810,85
2024-01-30 01:42:28,812,80
2024-01-30 01:42:38,812,78
2024-01-30 01:42:47,812,79
2024-01-30 01:42:57,812,84
2024-01-30 01:43:07,812,82
2024-01-30 01:43:17,812,83
2024-01-30 01:43:27,812,86
2024-01-30 01:43:37,812,81
2024-01-30 01:43:46,812,76
2024-01-30 01:43:56,812,71
2024-01-30 01:44:06,811,66
2024-01-30 01:44:15,809,67
2024-01-30 01:44:24,809,66
2024-01-30 01:44:34,812,62
2024-01-30 01:44:44,812,63
2024-01-30 01:44:53,812,59
2024-01-30 01:45:02,812,63
2024-01-30 01:45:12,812,65
2024-01-30 01:45:22,812,66
2024-01-30 01:45:31,811,61
2024-01-30 01:45:41,809,65
2024-01-30 01:45:51,812,70
2024-01-30 01:46:00,811,75
2024-01-30 01:46:09,812,70
2024-01-30 01:46:18,810,68
2024-01-30 01:46:27,812,64
2024-01-30 01:46:37,812,59
2024-01-30 01:46:47,812,54
2024-01-30 01:46:56,812,59
2024-01-30 01:47:05,812,61
2024-01-30 01:47:15,812,57
2024-01-30 01:47:24,812,60
2024-01-30 01:47:33,812,61
2024-01-30 01:47:43,812,63
2024-01-30 01:47:53,812,60
2024-01-30 01:48:02,812,55
2024-01-30 01:48:11,811,52
2024-01-30 01:48:20,811,53
2024-01-30 01:48:29,809,51
2024-01-30 01:48:38,809,48
2024-01-30 01:48:48,810,53
2024-01-30 01:48:57,812,54
2024-01-30 01:49:07,812,51
2024-01-30 01:49:16,810,53
2024-01-30 01:49:25,812,57
2024-01-30 01:49:35,812,60
2024-01-30 01:49:44,812,62
2024-01-30 01:49:54,812,61
2024-01-30 01:50:04,812,60
2024-01-30 01:50:14,812,57
2024-01-30 01:50:24,812,54
2024-01-30 01:50:33,812,55
2024-01-30 01:50:43,812,58
2024-01-30 01:50:53,812,59
2024-01-30 01:51:02,812,61
2024-01-30 01:51:11,812,61
2024-01-30 01:51:20,810,65
2024-01-30 01:51:30,812,63
2024-01-30 01:51:39,812,67
2024-01-30 01:51:49,810,66
2024-01-30 01:51:58,810,64
2024-01-30 01:52:08,808,69
2024-01-30 01:52:17,812,72
2024-01-30 01:52:27,812,74
2024-01-30 01:52:36,812,77
2024-01-30 01:52:46,812,80
2024-01-30 01:52:56,810,79
2024-01-30 01:53:06,812,75
2024-01-30 01:53:16,812,76
2024-01-30 01:53:25,812,73
2024-01-30 01:53:34,811,69
2024-01-30 01:53:43,809,66
2024-01-30 01:53:53,808,64
2024-01-30 01:54:03,812,67
2024-01-30 01:54:12,812,63
2024-01-30 01:54:21,812,62
2024-01-30 01:54:30,812,58
2024-01-30 01:54:40,812,56
2024-01-30 01:54:49,812,52
2024-01-30 01:54:59,812,56
2024-01-30 01:55:09,811,55
2024-01-30 01:55:18,812,58
2024-01-30 01:55:28,812,55
2024-01-30 01:55:38,812,57
2024-01-30 01:55:48,810,59
2024-01-30 01:55:58,812,63
2024-01-30 01:56:08,812,63
2024-01-30 01:56:18,812,60
2024-01-30 01:56:27,812,61
2024-01-30 01:56:37,811,57
2024-01-30 01:56:47,810,57
2024-01-30 01:56:57,812,61
2024-01-30 01:57:06,811,62
2024-01-30 01:57:15,810,58
2024-01-30 01:57:25,812,59
2024-01-30 01:57:34,812,59
2024-01-30 01:57:44,812,64
2024-01-30 01:57:54,812,69
2024-01-30 01:58:03,812,74
2024-01-30 01:58:13,812,76
2024-01-30 01:58:22,812,77
2024-01-30 01:58:32,811,72
2024-01-30 01:58:42,812,77
2024-01-30 01:58:51,812,75
2024-01-30 01:59:00,812,76
2024-01-30 01:59:09,812,81
2024-01-30 01:59:18,812,80
2024-01-30 01:59:27,812,85
2024-01-30 01:59:36,812,87
2024-01-30 01:59:45,812,91
2024-01-30 01:59:54,812,86
2024-01-30 02:00:04,812,82
2024-01-30 02:00:13,812,87
2024-01-30 02:00:23,812,88
2024-01-30 02:00:33,812,91
2024-01-30 02:00:43,812,93
2024-01-30 02:00:52,812,93
2024-01-30 02:01:02,811,88
2024-01-30 02:01:12,812,88
2024-01-30 02:01:21,812,85
2024-01-30 02:01:30,812,85
2024-01-30 02:01:40,812,81
2024-01-30 02:01:49,812,76
2024-01-30 02:01:58,812,81
2024-01-30 02:02:08,812,77
2024-01-30 02:02:18,812,74
2024-01-30 02:02:28,812,75
2024-01-30 02:02:37,812,74
2024-01-30 02:02:46,810,69
2024-01-30 02:02:56,812,67
2024-01-30 02:03:05,812,64
2024-01-30 02:03:15,812,68
2024-01-30 02:03:24,810,63
2024-01-30 02:03:33,812,68
2024-01-30 02:03:43,812,72
2024-01-30 02:03:53,812,76
2024-01-30 02:04:03,812,80
2024-01-30 02:04:12,810,78
2024-01-30 02:04:22,812,75
2024-01-30 02:04:32,812,80
2024-01-30 02:04:41,812,85
2024-01-30 02:04:51,811,82
2024-01-30 02:05:01,812,77
2024-01-30 02:05:11,812,77
2024-01-30 02:05:21,811,72
2024-01-30 02:05:30,810,73
2024-01-30 02:05:39,812,74
2024-01-30 02:05:49,812,73
2024-01-30 02:05:59,810,77
2024-01-30 02:06:08,811,74
2024-01-30 02:06:17,811,79
2024-01-30 02:06:26,812,74
2024-01-30 02:06:35,812,78
2024-01-30 02:06:44,812,77
2024-01-30 02:06:53,812,80
2024-01-30 02:07:03,812,79
2024-01-30 02:07:13,810,80
2024-01-30 02:07:23,812,80
2024-01-30 02:07:33,812,84
2024-01-30 02:07:43,812,81
2024-01-30 02:07:52,812,77
2024-01-30 02:08:01,812,72
2024-01-30 02:08:10,812,76
2024-01-30 02:08:19,811,74
2024-01-30 02:08:29,812,76
2024-01-30 02:08:38,810,77
2024-01-30 02:08:47,808,80
2024-01-30 02:08:56,808,77
2024-01-30 02:09:06,812,78
2024-01-30 02:09:15,810,77
2024-01-30 02:09:25,812,79
2024-01-30 02:09:35,810,77
2024-01-30 02:09:45,812,75
2024-01-30 02:09:55,812,77
2024-01-30 02:10:05,810,77
2024-01-30 02:10:15,810,78
2024-01-30 02:10:24,812,83
2024-01-30 02:10:33,810,86
2024-01-30 02:10:42,812,83
2024-01-30 02:10:52,812,81
2024-01-30 02:11:01,812,86
2024-01-30 02:11:10,812,89
2024-01-30 02:11:20,812,89
2024-01-30 02:11:29,812,87
2024-01-30 02:11:38,812,92
2024-01-30 02:11:47,812,93
2024-01-30 02:11:56,812,91
2024-01-30 02:12:06,812,88
2024-01-30 02:12:15,812,93
2024-01-30 02:12:24,812,92
2024-01-30 02:12:33,810,92
2024-01-30 02:12:42,812,90
2024-01-30 02:12:51,810,92
2024-01-30 02:13:01,811,87
2024-01-30 02:13:11,812,90
2024-01-30 02:13:20,811,89
2024-01-30 02:13:29,812,89
2024-01-30 02:13:38,812,87
2024-01-30 02:13:48,812,84
2024-01-30 02:13:57,810,87
2024-01-30 02:14:06,811,89
2024-01-30 02:14:15,812,84
2024-01-30 02:14:24,812,83
2024-01-30 02:14:34,812,84
2024-01-30 02:14:44,812,80
2024-01-30 02:14:53,812,75
2024-01-30 02:15:03,812,75
2024-01-30 02:15:12,810,75
2024-01-30 02:15:22,809,72
2024-01-30 02:15:32,808,71
2024-01-30 02:15:41,812,71
2024-01-30 02:15:50,812,67
2024-01-30 02:16:00,812,68
2024-01-30 02:16:09,812,63
2024-01-30 02:16:19,812,68
2024-01-30 02:16:29,812,68
2024-01-30 02:16:39,812,66
2024-01-30 02:16:48,812,62
2024-01-30 02:16:58,812,57
2024-01-30 02:17:08,811,52
2024-01-30 02:17:18,809,56
2024-01-30 02:17:28,812,54
2024-01-30 02:17:38,812,49
2024-01-30 02:17:47,812,49
2024-01-30 02:17:56,812,46
2024-01-30 02:18:05,812,43
2024-01-30 02:18:15,810,38
2024-01-30 02:18:25,812,41
2024-01-30 02:18:35,812,39
2024-01-30 02:18:44,812,43
2024-01-30 02:18:53,812,43
2024-01-30 02:19:03,812,40
2024-01-30 02:19:12,812,37
2024-01-30 02:19:22,811,34
2024-01-30 02:19:32,811,33
2024-01-30 02:19:41,812,37
2024-01-30 02:19:50,812,42
2024-01-30 02:20:00,811,39
2024-01-30 02:20:10,812,34
2024-01-30 02:20:19,812,29
2024-01-30 02:20:28,812,29
2024-01-30 02:20:38,812,24
2024-01-30 02:20:48,812,25
2024-01-30 02:20:58,812,24
2024-01-30 02:21:07,810,26
2024-01-30 02:21:17,809,30
2024-01-30 02:21:26,808,31
2024-01-30 02:21:36,808,33
2024-01-30 02:21:46,812,33
2024-01-30 02:21:56,810,31
2024-01-30 02:22:06,808,34
2024-01-30 02:22:16,809,39
2024-01-30 02:22:26,812,39
2024-01-30 02:22:36,812,37
2024-01-30 02:22:46,812,35
2024-01-30 02:22:56,810,36
2024-01-30 02:23:06,812,39
2024-01-30 02:23:16,812,41
2024-01-30 02:23:26,810,46
2024-01-30 02:23:35,812,41
2024-01-30 02:23:44,812,43
2024-01-30 02:23:54,812,48
2024-01-30 02:24:03,812,44
2024-01-30 02:24:13,812,48
2024-01-30 02:24:23,812,51
2024-01-30 02:24:33,812,55
2024-01-30 02:24:42,810,60
2024-01-30 02:24:51,811,62
2024-01-30 02:25:00,810,65
2024-01-30 02:25:10,812,66
2024-01-30 02:25:19,810,64
2024-01-30 02:25:28,812,66
2024-01-30 02:25:37,812,64
2024-01-30 02:25:47,812,65
2024-01-30 02:25:56,811,69
2024-01-30 02:26:06,812,68
2024-01-30 02:26:16,812,65
2024-01-30 02:26:26,812,70
2024-01-30 02:26:35,812,65
2024-01-30 02:26:44,812,66
2024-01-30 02:26:54,812,70
2024-01-30 02:27:03,812,66
2024-01-30 02:27:12,812,70
2024-01-30 02:27:22,810,66
2024-01-30 02:27:31,809,68
2024-01-30 02:27:40,809,68
2024-01-30 02:27:49,812,65
2024-01-30 02:27:58,812,69
2024-01-30 02:28:08,812,68
2024-01-30 02:28:17,812,68
2024-01-30 02:28:27,812,68
2024-01-30 02:28:37,812,64
2024-01-30 02:28:46,812,61
2024-01-30 02:28:55,812,62
2024-01-30 02:29:04,811,63
2024-01-30 02:29:13,811,61
2024-01-30 02:29:23,812,58
2024-01-30 02:29:32,812,57
2024-01-30 02:29:42,810,60
2024-01-30 02:29:51,812,65
2024-01-30 02:30:00,812,63
2024-01-30 02:30:09,811,59
2024-01-30 02:30:18,812,57
2024-01-30 02:30:28,810,60
2024-01-30 02:30:37,812,58
2024-01-30 02:30:46,812,62
2024-01-30 02:30:55,812,65
2024-01-30 02:31:05,812,70
2024-01-30 02:31:14,811,71
2024-01-30 02:31:24,810,69
2024-01-30 02:31:33,812,72
2024-01-30 02:31:43,812,74
2024-01-30 02:31:52,812,71
2024-01-30 02:32:02,812,72
2024-01-30 02:32:11,812,72
2024-01-30 02:32:21,812,73
2024-01-30 02:32:30,812,69
2024-01-30 02:32:40,810,68
2024-01-30 02:32:50,811,71
2024-01-30 02:32:59,811,76
2024-01-30 02:33:08,812,78
2024-01-30 02:33:18,812,76
2024-01-30 02:33:28,812,76
2024-01-30 02:33:37,812,76
2024-01-30 02:33:47,811,80
2024-01-30 02:33:56,811,76
2024-01-30 02:34:06,812,78
2024-01-30 02:34:15,812,79
2024-01-30 02:34:24,812,77
2024-01-30 02:34:33,812,73
2024-01-30 02:34:43,812,72
2024-01-30 02:34:52,812,73
2024-01-30 02:35:02,812,78
2024-01-30 02:35:11,812,83
2024-01-30 02:35:20,812,78
2024-01-30 02:35:30,812,76
2024-01-30 02:35:40,812,73
2024-01-30 02:35:50,812,73
2024-01-30 02:36:00,812,71
2024-01-30 02:36:09,812,75
2024-01-30 02:36:18,812,72
2024-01-30 02:36:28,812,75
2024-01-30 02:36:37,812,70
2024-01-30 02:36:47,812,73
2024-01-30 02:36:57,812,75
2024-01-30 02:37:06,812,80
2024-01-30 02:37:15,812,85
2024-01-30 02:37:25,812,89
2024-01-30 02:37:34,811,90
2024-01-30 02:37:43,812,93
2024-01-30 02:37:52,812,90
2024-01-30 02:38:01,811,90
2024-01-30 02:38:11,812,92
2024-01-30 02:38:20,812,92
2024-01-30 02:38:29,812,90
2024-01-30 02:38:38,812,85
2024-01-30 02:38:47,812,87
2024-01-30 02:38:57,812,84
2024-01-30 02:39:07,810,89
2024-01-30 02:39:17,812,93
2024-01-30 02:39:27,812,93
2024-01-30 02:39:37,812,93
2024-01-30 02:39:47,810,93
2024-01-30 02:39:57,810,91
2024-01-30 02:40:06,812,93
2024-01-30 02:40:15,812,93
2024-01-30 02:40:25,812,93
2024-01-30 02:40:35,812,90
2024-01-30 02:40:45,812,93
2024-01-30 02:40:55,812,91
2024-01-30 02:41:04,812,90
2024-01-30 02:41:14,812,87
2024-01-30 02:41:24,812,85
2024-01-30 02:41:33,812,85
2024-01-30 02:41:42,812,89
2024-01-30 02:41:51,812,88
2024-01-30 02:42:01,810,93
2024-01-30 02:42:11,809,93
2024-01-30 02:42:20,810,93
2024-01-30 02:42:29,812,93
2024-01-30 02:42:39,812,93
2024-01-30 02:42:49,812,93
2024-01-30 02:42:58,811,93
2024-01-30 02:43:07,812,91
2024-01-30 02:43:17,810,93
2024-01-30 02:43:26,812,93
2024-01-30 02:43:36,811,93
2024-01-30 02:43:46,809,93
2024-01-30 02:43:56,812,93
2024-01-30 02:44:06,812,89
2024-01-30 02:44:15,812,91
2024-01-30 02:44:24,812,93
2024-01-30 02:44:33,812,93
2024-01-30 02:44:43,812,93
2024-01-30 02:44:52,812,93
2024-01-30 02:45:02,812,93
2024-01-30 02:45:12,812,93
2024-01-30 02:45:22,812,93
2024-01-30 02:45:31,812,93
2024-01-30 02:45:40,810,92
2024-01-30 02:45:50,811,90
2024-01-30 02:46:00,812,88
2024-01-30 02:46:10,812,87
2024-01-30 02:46:19,812,88
2024-01-30 02:46:29,811,91
2024-01-30 02:46:38,812,88
2024-01-30 02:46:47,812,85
2024-01-30 02:46:56,812,88
2024-01-30 02:47:06,811,89
2024-01-30 02:47:15,812,86
2024-01-30 02:47:24,812,82
2024-01-30 02:47:33,812,87
2024-01-30 02:47:43,812,88
2024-01-30 02:47:53,812,91
2024-01-30 02:48:02,812,91
2024-01-30 02:48:12,810,93
2024-01-30 02:48:22,809,93
2024-01-30 02:48:31,807,92
2024-01-30 02:48:40,812,90
2024-01-30 02:48:49,812,89
2024-01-30 02:48:59,812,93
2024-01-30 02:49:08,812,93
2024-01-30 02:49:18,812,91
2024-01-30 02:49:27,812,89
2024-01-30 02:49:36,812,84
2024-01-30 02:49:45,810,86
2024-01-30 02:49:55,810,83
2024-01-30 02:50:05,812,88
2024-01-30 02:50:14,811,87
2024-01-30 02:50:24,812,89
2024-01-30 02:50:33,812,89
2024-01-30 02:50:43,812,93
2024-01-30 02:50:53,812,93
2024-01-30 02:51:03,812,90
2024-01-30 02:51:12,812,85
2024-01-30 02:51:22,812,88
2024-01-30 02:51:31,810,86
2024-01-30 02:51:41,812,83
2024-01-30 02:51:51,811,78
2024-01-30 02:52:01,812,82
2024-01-30 02:52:11,811,84
2024-01-30 02:52:20,812,80
2024-01-30 02:52:29,812,83
2024-01-30 02:52:39,812,80
2024-01-30 02:52:48,812,80
2024-01-30 02:52:58,812,75
2024-01-30 02:53:08,812,79
2024-01-30 02:53:18,812,82
2024-01-30 02:53:28,812,79
2024-01-30 02:53:37,812,82
2024-01-30 02:53:46,810,83
2024-01-30 02:53:55,812,78
2024-01-30 02:54:05,812,75
2024-01-30 02:54:14,812,77
2024-01-30 02:54:23,812,81
2024-01-30 02:54:32,812,86
2024-01-30 02:54:41,812,88
2024-01-30 02:54:51,812,83
2024-01-30 02:55:00,812,80
2024-01-30 02:55:10,812,78
2024-01-30 02:55:19,812,79
2024-01-30 02:55:29,810,84
2024-01-30 02:55:39,812,84
2024-01-30 02:55:49,812,80
2024-01-30 02:55:58,812,80
2024-01-30 02:56:07,812,85
2024-01-30 02:56:17,812,87
2024-01-30 02:56:26,812,82
2024-01-30 02:56:35,811,84
2024-01-30 02:56:44,812,79
2024-01-30 02:56:53,812,74
2024-01-30 02:57:02,812,77
2024-01-30 02:57:12,812,73
2024-01-30 02:57:22,812,69
2024-01-30 02:57:31,812,69
2024-01-30 02:57:41,811,74
2024-01-30 02:57:50,812,69
2024-01-30 02:58:00,812,68
2024-01-30 02:58:09,812,68
2024-01-30 02:58:19,812,73
2024-01-30 02:58:28,812,70
2024-01-30 02:58:38,812,75
2024-01-30 02:58:47,812,72
2024-01-30 02:58:56,812,73
2024-01-30 02:59:05,812,68
2024-01-30 02:59:15,812,69
2024-01-30 02:59:25,812,71
2024-01-30 02:59:35,812,73
2024-01-30 02:59:44,812,72
2024-01-30 02:59:53,812,77
2024-01-30 03:00:02,812,73
2024-01-30 03:00:12,812,75
2024-01-30 03:00:22,812,80
2024-01-30 03:00:32,811,85
2024-01-30 03:00:41,812,85
2024-01-30 03:00:50,812,82
2024-01-30 03:01:00,812,79
2024-01-30 03:01:10,812,79
2024-01-30 03:01:19,812,79
2024-01-30 03:01:29,812,83
2024-01-30 03:01:39,812,80
2024-01-30 03:01:48,810,79
2024-01-30 03:01:57,812,80
2024-01-30 03:02:07,812,80
2024-01-30 03:02:17,812,82
2024-01-30 03:02:26,812,78
2024-01-30 03:02:35,812,80
2024-01-30 03:02:45,812,75
2024-01-30 03:02:55,810,74
2024-01-30 03:03:04,812,76
2024-01-30 03:03:13,812,78
2024-01-30 03:03:22,812,73
2024-01-30 03:03:32,810,77
2024-01-30 03:03:42,809,82
2024-01-30 03:03:52,812,81
2024-01-30 03:04:02,812,81
2024-01-30 03:04:11,812,82
2024-01-30 03:04:21,812,77
2024-01-30 03:04:31,812,74
2024-01-30 03:04:40,812,70
2024-01-30 03:04:50,812,69
2024-01-30 03:04:59,812,72
2024-01-30 03:05:09,810,67
2024-01-30 03:05:19,810,68
2024-01-30 03:05:28,811,70
2024-01-30 03:05:37,812,69
2024-01-30 03:05:46,812,72
2024-01-30 03:05:56,812,72
2024-01-30 03:06:05,812,71
2024-01-30 03:06:14,812,69
2024-01-30 03:06:23,812,71
2024-01-30 03:06:32,812,69
2024-01-30 03:06:42,812,68
2024-01-30 03:06:51,812,67
2024-01-30 03:07:00,812,65
2024-01-30 03:07:10,810,60
2024-01-30 03:07:19,812,57
2024-01-30 03:07:29,812,57
2024-01-30 03:07:38,812,58
2024-01-30 03:07:48,812,61
2024-01-30 03:07:58,810,62
2024-01-30 03:08:07,812,60
2024-01-30 03:08:17,810,59
2024-01-30 03:08:26,809,56
2024-01-30 03:08:36,808,59
2024-01-30 03:08:45,808,62
2024-01-30 03:08:54,812,63
2024-01-30 03:09:03,812,68
2024-01-30 03:09:12,810,73
2024-01-30 03:09:21,810,76
2024-01-30 03:09:31,812,75
2024-01-30 03:09:40,812,76
2024-01-30 03:09:50,812,75
2024-01-30 03:10:00,812,73
2024-01-30 03:10:10,812,68
2024-01-30 03:10:20,812,64
2024-01-30 03:10:29,812,69
2024-01-30 03:10:38,810,73
2024-01-30 03:10:47,812,68
2024-01-30 03:10:56,812,70
2024-01-30 03:11:06,811,68
2024-01-30 03:11:16,811,68
2024-01-30 03:11:25,812,69
2024-01-30 03:11:34,811,74
2024-01-30 03:11:43,812,76
2024-01-30 03:11:53,812,80
2024-01-30 03:12:03,812,78
2024-01-30 03:12:13,812,73
2024-01-30 03:12:23,812,78
2024-01-30 03:12:33,811,76
2024-01-30 03:12:42,809,72
2024-01-30 03:12:52,809,75
2024-01-30 03:13:01,812,77
2024-01-30 03:13:11,812,72
2024-01-30 03:13:20,812,76
2024-01-30 03:13:30,812,77
2024-01-30 03:13:40,812,80
2024-01-30 03:13:50,812,76
2024-01-30 03:13:59,812,79
2024-01-30 03:14:09,811,78
2024-01-30 03:14:19,811,76
2024-01-30 03:14:28,812,79
2024-01-30 03:14:37,812,74
2024-01-30 03:14:46,812,76
2024-01-30 03:14:56,812,79
2024-01-30 03:15:06,811,83
2024-01-30 03:15:15,812,88
2024-01-30 03:15:24,812,92
2024-01-30 03:15:33,811,89
2024-01-30 03:15:42,809,86
2024-01-30 03:15:51,811,81
2024-01-30 03:16:01,812,81
2024-01-30 03:16:10,812,81
2024-01-30 03:16:19,810,78
2024-01-30 03:16:28,808,76
2024-01-30 03:16:37,811,74
2024-01-30 03:16:46,812,75
2024-01-30 03:16:55,811,71
2024-01-30 03:17:04,812,67
2024-01-30 03:17:14,812,72
2024-01-30 03:17:24,812,71
2024-01-30 03:17:33,812,74
2024-01-30 03:17:43,812,70
2024-01-30 03:17:52,812,73
2024-01-30 03:18:02,812,71
2024-01-30 03:18:12,812,69
2024-01-30 03:18:21,812,64
2024-01-30 03:18:31,810,66
2024-01-30 03:18:40,812,61
2024-01-30 03:18:49,812,62
2024-01-30 03:18:58,810,65
2024-01-30 03:19:08,811,61
2024-01-30 03:19:17,812,62
2024-01-30 03:19:27,810,57
2024-01-30 03:19:36,812,57
2024-01-30 03:19:45,810,57
2024-01-30 03:19:54,812,59
2024-01-30 03:20:04,812,62
2024-01-30 03:20:14,812,65
2024-01-30 03:20:24,812,66
2024-01-30 03:20:33,812,62
2024-01-30 03:20:42,812,58
2024-01-30 03:20:51,811,58
2024-01-30 03:21:00,812,55
2024-01-30 03:21:10,812,51
2024-01-30 03:21:20,812,52
2024-01-30 03:21:30,811,57
2024-01-30 03:21:40,811,53
2024-01-30 03:21:50,812,58
2024-01-30 03:21:59,812,57
2024-01-30 03:22:09,812,59
2024-01-30 03:22:19,812,55
2024-01-30 03:22:28,812,57
2024-01-30 03:22:38,812,55
2024-01-30 03:22:48,812,52
2024-01-30 03:22:57,812,53
2024-01-30 03:23:07,812,52
2024-01-30 03:23:17,812,50
2024-01-30 03:23:26,812,53
2024-01-30 03:23:36,812,55
2024-01-30 03:23:46,812,52
2024-01-30 03:23:55,812,48
2024-01-30 03:24:04,812,44
2024-01-30 03:24:13,812,47
2024-01-30 03:24:22,812,50
2024-01-30 03:24:32,812,51
2024-01-30 03:24:42,812,51
2024-01-30 03:24:51,812,53
2024-01-30 03:25:01,812,57
2024-01-30 03:25:11,812,62
2024-01-30 03:25:20,812,62
2024-01-30 03:25:30,812,61
2024-01-30 03:25:40,812,58
2024-01-30 03:25:50,811,63
2024-01-30 03:26:00,812,64
2024-01-30 03:26:10,812,60
2024-01-30 03:26:19,812,61
2024-01-30 03:26:28,812,64
2024-01-30 03:26:37,812,61
2024-01-30 03:26:47,812,65
2024-01-30 03:26:57,812,63
2024-01-30 03:27:06,812,60
2024-01-30 03:27:16,812,63
2024-01-30 03:27:26,812,64
2024-01-30 03:27:36,812,68
2024-01-30 03:27:46,812,64
2024-01-30 03:27:56,812,60
2024-01-30 03:28:05,811,58
2024-01-30 03:28:15,812,55
2024-01-30 03:28:24,812,60
2024-01-30 03:28:34,812,56
2024-01-30 03:28:44,812,58
2024-01-30 03:28:53,812,56
2024-01-30 03:29:03,810,54
2024-01-30 03:29:12,808,56
2024-01-30 03:29:21,808,51
2024-01-30 03:29:30,806,49
2024-01-30 03:29:39,812,50
2024-01-30 03:29:48,812,47
2024-01-30 03:29:58,810,50
2024-01-30 03:30:07,812,51
2024-01-30 03:30:16,811,46
2024-01-30 03:30:25,812,45
2024-01-30 03:30:34,812,42
2024-01-30 03:30:44,812,46
2024-01-30 03:30:53,811,41
2024-01-30 03:31:02,810,38
2024-01-30 03:31:12,812,43
2024-01-30 03:31:21,812,45
2024-01-30 03:31:30,812,50
2024-01-30 03:31:39,812,47
2024-01-30 03:31:48,811,45
2024-01-30 03:31:57,812,44
2024-01-30 03:32:07,812,48
2024-01-30 03:32:17,812,51
2024-01-30 03:32:26,812,47
2024-01-30 03:32:35,812,47
2024-01-30 03:32:45,810,51
2024-01-30 03:32:55,810,49
2024-01-30 03:33:05,812,50
2024-01-30 03:33:15,812,47
2024-01-30 03:33:24,812,43
2024-01-30 03:33:33,812,46
2024-01-30 03:33:43,812,43
2024-01-30 03:33:52,811,45
2024-01-30 03:34:02,812,46
2024-01-30 03:34:12,812,49
2024-01-30 03:34:21,812,52
2024-01-30 03:34:31,812,50
2024-01-30 03:34:40,812,45
2024-01-30 03:34:50,812,48
2024-01-30 03:35:00,812,43
2024-01-30 03:35:09,810,42
2024-01-30 03:35:19,812,40
2024-01-30 03:35:28,812,41
2024-01-30 03:35:37,811,44
2024-01-30 03:35:47,812,46
2024-01-30 03:35:57,811,43
2024-01-30 03:36:07,812,43
2024-01-30 03:36:17,812,48
2024-01-30 03:36:27,812,46
2024-01-30 03:36:36,812,43
2024-01-30 03:36:46,812,47
2024-01-30 03:36:55,812,49
2024-01-30 03:37:04,812,54
2024-01-30 03:37:13,812,57
2024-01-30 03:37:22,810,57
2024-01-30 03:37:32,811,61
2024-01-30 03:37:41,809,63
2024-01-30 03:37:50,812,63
2024-01-30 03:38:00,812,65
2024-01-30 03:38:09,812,68
2024-01-30 03:38:18,810,72
2024-01-30 03:38:28,812,73
2024-01-30 03:38:38,812,75
2024-01-30 03:38:48,812,71
2024-01-30 03:38:57,812,66
2024-01-30 03:39:07,812,71
2024-01-30 03:39:16,812,75
2024-01-30 03:39:26,812,77
2024-01-30 03:39:36,810,77
2024-01-30 03:39:46,808,72
2024-01-30 03:39:55,811,70
2024-01-30 03:40:04,811,75
2024-01-30 03:40:14,812,76
2024-01-30 03:40:23,812,77
2024-01-30 03:40:33,812,78
2024-01-30 03:40:43,810,82
2024-01-30 03:40:52,809,86
2024-01-30 03:41:01,812,91
2024-01-30 03:41:10,811,91
2024-01-30 03:41:20,812,87
2024-01-30 03:41:30,812,88
2024-01-30 03:41:39,812,85
2024-01-30 03:41:49,812,84
2024-01-30 03:41:58,810,86
2024-01-30 03:42:07,812,90
2024-01-30 03:42:17,812,87
2024-01-30 03:42:26,812,84
2024-01-30 03:42:36,812,88
2024-01-30 03:42:46,810,87
2024-01-30 03:42:56,812,86
2024-01-30 03:43:06,812,81
2024-01-30 03:43:15,812,79
2024-01-30 03:43:25,810,82
2024-01-30 03:43:35,808,79
2024-01-30 03:43:44,806,78
2024-01-30 03:43:54,809,80
2024-01-30 03:44:04,812,85
2024-01-30 03:44:14,811,87
2024-01-30 03:44:23,810,85
2024-01-30 03:44:33,810,90
2024-01-30 03:44:43,812,86
2024-01-30 03:44:52,812,81
2024-01-30 03:45:02,811,83
2024-01-30 03:45:12,811,84
2024-01-30 03:45:21,809,79
2024-01-30 03:45:30,812,78
2024-01-30 03:45:39,811,80
2024-01-30 03:45:49,811,78
2024-01-30 03:45:58,812,76
2024-01-30 03:46:08,812,78
2024-01-30 03:46:17,812,78
2024-01-30 03:46:26,812,82
2024-01-30 03:46:36,812,78
2024-01-30 03:46:45,812,76
2024-01-30 03:46:54,812,79
2024-01-30 03:47:03,812,81
2024-01-30 03:47:12,812,86
2024-01-30 03:47:22,812,83
2024-01-30 03:47:31,812,81
2024-01-30 03:47:41,812,83
2024-01-30 03:47:50,812,88
2024-01-30 03:47:59,812,89
2024-01-30 03:48:08,811,89
2024-01-30 03:48:18,812,93
2024-01-30 03:48:28,812,93
2024-01-30 03:48:38,811,88
2024-01-30 03:48:47,812,84
2024-01-30 03:48:56,812,87
2024-01-30 03:49:06,812,83
2024-01-30 03:49:15,812,86
2024-01-30 03:49:25,812,85
2024-01-30 03:49:35,812,84
2024-01-30 03:49:44,811,85
2024-01-30 03:49:54,812,89
2024-01-30 03:50:03,811,85
2024-01-30 03:50:12,812,87
2024-01-30 03:50:21,812,88
2024-01-30 03:50:30,810,92
2024-01-30 03:50:40,808,93
2024-01-30 03:50:50,812,93
2024-01-30 03:51:00,812,93
2024-01-30 03:51:09,812,91
2024-01-30 03:51:19,812,91
2024-01-30 03:51:29,812,90
2024-01-30 03:51:38,812,93
2024-01-30 03:51:48,812,93
2024-01-30 03:51:57,812,90
2024-01-30 03:52:06,812,85
2024-01-30 03:52:16,812,80
2024-01-30 03:52:26,812,81
2024-01-30 03:52:35,812,81
2024-01-30 03:52:44,812,78
2024-01-30 03:52:53,812,74
2024-01-30 03:53:02,811,71
2024-01-30 03:53:11,812,74
2024-01-30 03:53:21,812,72
2024-01-30 03:53:30,812,67
2024-01-30 03:53:39,812,67
2024-01-30 03:53:49,812,63
2024-01-30 03:53:58,812,59
2024-01-30 03:54:07,812,59
2024-01-30 03:54:16,810,55
2024-01-30 03:54:26,812,58
2024-01-30 03:54:35,812,55
2024-01-30 03:54:45,812,60
2024-01-30 03:54:54,812,62
2024-01-30 03:55:03,812,61
2024-01-30 03:55:13,812,61
2024-01-30 03:55:22,810,62
2024-01-30 03:55:32,810,60
2024-01-30 03:55:42,812,55
2024-01-30 03:55:51,812,57
2024-01-30 03:56:01,812,56
2024-01-30 03:56:10,812,52
2024-01-30 03:56:19,812,50
2024-01-30 03:56:28,810,48
2024-01-30 03:56:37,812,52
2024-01-30 03:56:46,812,49
2024-01-30 03:56:56,812,45
2024-01-30 03:57:06,811,48
2024-01-30 03:57:15,812,47
2024-01-30 03:57:25,812,43
2024-01-30 03:57:35,812,43
2024-01-30 03:57:44,811,44
2024-01-30 03:57:53,812,42
2024-01-30 03:58:03,812,46
2024-01-30 03:58:12,812,41
2024-01-30 03:58:21,812,36
2024-01-30 03:58:30,812,34
2024-01-30 03:58:40,810,30
2024-01-30 03:58:50,809,35
2024-01-30 03:58:59,812,33
2024-01-30 03:59:09,812,31
2024-01-30 03:59:18,811,26
2024-01-30 03:59:28,812,23
2024-01-30 03:59:37,812,18
2024-01-30 03:59:46,812,21
2024-01-30 03:59:55,812,16
2024-01-30 04:00:05,812,16
2024-01-30 04:00:15,812,17
2024-01-30 04:00:25,812,13
2024-01-30 04:00:35,812,13
2024-01-30 04:00:45,810,18
2024-01-30 04:00:55,809,18
2024-01-30 04:01:05,812,23
2024-01-30 04:01:15,812,21
2024-01-30 04:01:24,812,22
2024-01-30 04:01:33,812,23
2024-01-30 04:01:43,812,25
2024-01-30 04:01:52,812,21
2024-01-30 04:02:02,810,20
2024-01-30 04:02:11,808,16
2024-01-30 04:02:21,811,11
2024-01-30 04:02:30,810,13
2024-01-30 04:02:40,810,11
2024-01-30 04:02:49,812,14
2024-01-30 04:02:59,812,11
2024-01-30 04:03:08,812,11
2024-01-30 04:03:17,812,16
2024-01-30 04:03:26,810,18
2024-01-30 04:03:36,811,22
2024-01-30 04:03:46,812,21
2024-01-30 04:03:55,812,21
2024-01-30 04:04:04,811,22
2024-01-30 04:04:13,809,24
2024-01-30 04:04:22,811,20
2024-01-30 04:04:32,812,24
2024-01-30 04:04:41,812,20
2024-01-30 04:04:50,812,22
2024-01-30 04:05:00,810,22
2024-01-30 04:05:09,812,24
2024-01-30 04:05:19,812,28
2024-01-30 04:05:29,812,24
2024-01-30 04:05:39,812,21
2024-01-30 04:05:48,812,20
2024-01-30 04:05:58,812,19
2024-01-30 04:06:07,812,24
2024-01-30 04:06:16,812,22
2024-01-30 04:06:26,812,17
2024-01-30 04:06:35,811,19
2024-01-30 04:06:45,812,16
2024-01-30 04:06:55,812,18
2024-01-30 04:07:05,810,22
2024-01-30 04:07:14,812,25
2024-01-30 04:07:24,812,24
2024-01-30 04:07:33,812,25
2024-01-30 04:07:43,812,27
2024-01-30 04:07:53,810,30
2024-01-30 04:08:03,808,30
2024-01-30 04:08:13,812,33
2024-01-30 04:08:22,812,29
2024-01-30 04:08:31,812,27
2024-01-30 04:08:41,812,23
2024-01-30 04:08:51,811,25
2024-01-30 04:09:01,812,22
2024-01-30 04:09:10,811,21
2024-01-30 04:09:19,811,17
2024-01-30 04:09:29,809,14
2024-01-30 04:09:38,812,18
2024-01-30 04:09:47,812,15
2024-01-30 04:09:57,812,15
2024-01-30 04:10:06,812,15
2024-01-30 04:10:15,812,15
2024-01-30 04:10:25,812,14
2024-01-30 04:10:34,812,17
2024-01-30 04:10:44,812,15
2024-01-30 04:10:53,812,15
2024-01-30 04:11:03,812,11
2024-01-30 04:11:12,812,11
2024-01-30 04:11:21,812,11
2024-01-30 04:11:30,811,11
2024-01-30 04:11:40,812,11
2024-01-30 04:11:49,811,12
2024-01-30 04:11:59,812,11
2024-01-30 04:12:08,812,11
2024-01-30 04:12:17,812,11
2024-01-30 04:12:26,812,16
2024-01-30 04:12:36,812,14
2024-01-30 04:12:46,812,11
2024-01-30 04:12:56,812,14
2024-01-30 04:13:06,812,19
2024-01-30 04:13:15,812,20
2024-01-30 04:13:24,812,20
2024-01-30 04:13:34,812,16
2024-01-30 04:13:44,812,20
2024-01-30 04:13:53,812,19
2024-01-30 04:14:02,811,18
2024-01-30 04:14:12,811,18
2024-01-30 04:14:22,812,23
2024-01-30 04:14:31,811,21
2024-01-30 04:14:41,811,23
2024-01-30 04:14:50,812,27
2024-01-30 04:15:00,811,28
2024-01-30 04:15:09,810,32
2024-01-30 04:15:19,812,30
2024-01-30 04:15:28,812,29
2024-01-30 04:15:37,812,32
2024-01-30 04:15:46,812,29
2024-01-30 04:15:56,811,34
2024-01-30 04:16:05,812,38
2024-01-30 04:16:15,812,39
2024-01-30 04:16:24,812,38
2024-01-30 04:16:34,812,41
2024-01-30 04:16:44,812,45
2024-01-30 04:16:53,812,45
2024-01-30 04:17:02,812,40
2024-01-30 04:17:11,810,41
2024-01-30 04:17:20,812,40
2024-01-30 04:17:29,812,43
2024-01-30 04:17:39,810,47
2024-01-30 04:17:49,812,51
2024-01-30 04:17:59,812,48
2024-01-30 04:18:09,812,52
2024-01-30 04:18:19,812,52
2024-01-30 04:18:28,811,52
2024-01-30 04:18:37,812,51
2024-01-30 04:18:46,812,56
2024-01-30 04:18:56,812,52
2024-01-30 04:19:06,812,56
2024-01-30 04:19:15,812,57
2024-01-30 04:19:24,812,60
2024-01-30 04:19:34,812,58
2024-01-30 04:19:44,812,57
2024-01-30 04:19:54,812,57
2024-01-30 04:20:04,812,59
2024-01-30 04:20:13,812,59
2024-01-30 04:20:22,812,57
2024-01-30 04:20:31,812,55
2024-01-30 04:20:41,812,50
2024-01-30 04:20:50,812,49
2024-01-30 04:21:00,812,49
2024-01-30 04:21:09,812,48
2024-01-30 04:21:18,812,45
2024-01-30 04:21:28,812,46
2024-01-30 04:21:37,812,46
2024-01-30 04:21:46,812,51
2024-01-30 04:21:55,810,54
2024-01-30 04:22:05,809,51
2024-01-30 04:22:15,809,46
2024-01-30 04:22:25,812,41
2024-01-30 04:22:34,810,46
2024-01-30 04:22:44,812,49
2024-01-30 04:22:54,812,53
2024-01-30 04:23:04,811,48
2024-01-30 04:23:13,809,44
2024-01-30 04:23:23,812,39
2024-01-30 04:23:33,810,34
2024-01-30 04:23:42,812,33
2024-01-30 04:23:52,812,31
2024-01-30 04:24:01,812,34
2024-01-30 04:24:11,812,33
2024-01-30 04:24:20,812,38
2024-01-30 04:24:30,812,39
2024-01-30 04:24:40,812,35
2024-01-30 04:24:50,812,30
2024-01-30 04:24:59,811,34
2024-01-30 04:25:09,812,39
2024-01-30 04:25:19,812,41
2024-01-30 04:25:28,812,40
2024-01-30 04:25:37,812,36
2024-01-30 04:25:47,812,36
2024-01-30 04:25:57,812,31
2024-01-30 04:26:07,812,29
2024-01-30 04:26:17,812,33
2024-01-30 04:26:27,812,35
2024-01-30 04:26:37,812,38
2024-01-30 04:26:46,812,42
2024-01-30 04:26:56,810,37
2024-01-30 04:27:05,812,40
2024-01-30 04:27:14,812,38
2024-01-30 04:27:23,812,33
2024-01-30 04:27:32,812,31
2024-01-30 04:27:42,812,26
2024-01-30 04:27:51,812,31
2024-01-30 04:28:01,811,33
2024-01-30 04:28:10,812,37
2024-01-30 04:28:20,812,35
2024-01-30 04:28:29,811,33
2024-01-30 04:28:39,812,32
2024-01-30 04:28:49,811,32
2024-01-30 04:28:58,812,35
2024-01-30 04:29:07,812,39
2024-01-30 04:29:17,812,40
2024-01-30 04:29:27,812,37
2024-01-30 04:29:37,812,33
2024-01-30 04:29:46,812,29
2024-01-30 04:29:55,812,30
2024-01-30 04:30:05,812,26
2024-01-30 04:30:14,812,27
2024-01-30 04:30:23,812,26
2024-01-30 04:30:32,812,31
2024-01-30 04:30:42,812,35
2024-01-30 04:30:51,812,33
2024-01-30 04:31:01,811,28
2024-01-30 04:31:10,809,26
2024-01-30 04:31:20,807,27
2024-01-30 04:31:29,805,30
2024-01-30 04:31:38,811,35
2024-01-30 04:31:47,811,39
2024-01-30 04:31:56,811,43
2024-01-30 04:32:05,812,40
2024-01-30 04:32:14,810,39
2024-01-30 04:32:23,812,44
2024-01-30 04:32:32,812,47
2024-01-30 04:32:42,812,45
2024-01-30 04:32:52,812,41
2024-01-30 04:33:01,810,38
2024-01-30 04:33:10,808,39
2024-01-30 04:33:19,809,35
2024-01-30 04:33:29,812,34
2024-01-30 04:33:38,812,33
2024-01-30 04:33:48,812,32
2024-01-30 04:33:58,811,30
2024-01-30 04:34:08,812,26
2024-01-30 04:34:17,812,29
2024-01-30 04:34:26,812,25
2024-01-30 04:34:36,812,26
2024-01-30 04:34:45,812,24
2024-01-30 04:34:55,810,23
2024-01-30 04:35:04,808,27
2024-01-30 04:35:14,812,31
2024-01-30 04:35:24,812,32
2024-01-30 04:35:33,812,31
2024-01-30 04:35:43,812,31
2024-01-30 04:35:52,812,36
2024-01-30 04:36:02,812,36
2024-01-30 04:36:11,811,31
2024-01-30 04:36:21,812,30
2024-01-30 04:36:30,812,34
2024-01-30 04:36:39,810,35
2024-01-30 04:36:48,812,35
2024-01-30 04:36:58,812,35
2024-01-30 04:37:07,810,37
2024-01-30 04:37:17,812,42
2024-01-30 04:37:26,812,42
2024-01-30 04:37:35,812,43
2024-01-30 04:37:44,812,44
2024-01-30 04:37:53,811,47
2024-01-30 04:38:03,812,43
2024-01-30 04:38:13,811,48
2024-01-30 04:38:23,812,48
2024-01-30 04:38:33,812,50
2024-01-30 04:38:42,812,54
2024-01-30 04:38:52,812,53
2024-01-30 04:39:01,810,48
2024-01-30 04:39:11,812,49
2024-01-30 04:39:21,812,53
2024-01-30 04:39:30,812,55
2024-01-30 04:39:39,812,51
2024-01-30 04:39:49,812,54
2024-01-30 04:39:58,812,54
2024-01-30 04:40:08,812,50
2024-01-30 04:40:18,810,46
2024-01-30 04:40:28,808,41
2024-01-30 04:40:37,807,44
2024-01-30 04:40:47,807,44
2024-01-30 04:40:57,806,42
2024-01-30 04:41:06,808,40
2024-01-30 04:41:15,809,42
2024-01-30 04:41:25,812,46
2024-01-30 04:41:34,812,48
2024-01-30 04:41:43,812,50
2024-01-30 04:41:53,812,50
2024-01-30 04:42:03,812,48
2024-01-30 04:42:13,812,53
2024-01-30 04:42:22,810,55
2024-01-30 04:42:31,812,51
2024-01-30 04:42:40,810,50
2024-01-30 04:42:49,812,55
2024-01-30 04:42:58,812,59
2024-01-30 04:43:08,812,59
2024-01-30 04:43:18,812,54
2024-01-30 04:43:28,810,51
2024-01-30 04:43:37,811,48
2024-01-30 04:43:46,812,48
2024-01-30 04:43:55,812,45
2024-01-30 04:44:05,810,44
2024-01-30 04:44:14,812,44
2024-01-30 04:44:24,812,43
2024-01-30 04:44:33,812,47
2024-01-30 04:44:43,812,49
2024-01-30 04:44:52,812,54
2024-01-30 04:45:01,811,53
2024-01-30 04:45:10,812,48
2024-01-30 04:45:20,812,43
2024-01-30 04:45:29,812,43
2024-01-30 04:45:38,811,44
2024-01-30 04:45:47,810,47
2024-01-30 04:45:57,812,42
2024-01-30 04:46:06,812,39
2024-01-30 04:46:15,811,41
2024-01-30 04:46:25,810,44
2024-01-30 04:46:34,812,44
2024-01-30 04:46:44,812,39
2024-01-30 04:46:54,812,35
2024-01-30 04:47:03,812,31
2024-01-30 04:47:13,812,29
2024-01-30 04:47:23,812,24
2024-01-30 04:47:32,812,23
2024-01-30 04:47:41,812,24
2024-01-30 04:47:50,812,19
2024-01-30 04:47:59,810,14
2024-01-30 04:48:09,808,11
2024-01-30 04:48:18,811,11
2024-01-30 04:48:27,809,11
2024-01-30 04:48:37,809,13
2024-01-30 04:48:46,812,11
2024-01-30 04:48:56,812,15
2024-01-30 04:49:06,812,12
2024-01-30 04:49:15,812,17
2024-01-30 04:49:25,812,19
2024-01-30 04:49:35,812,23
2024-01-30 04:49:44,812,20
2024-01-30 04:49:54,811,20
2024-01-30 04:50:03,809,22
2024-01-30 04:50:13,812,26
2024-01-30 04:50:23,812,26
2024-01-30 04:50:32,811,26
2024-01-30 04:50:41,812,29
2024-01-30 04:50:51,812,27
2024-01-30 04:51:00,812,25
2024-01-30 04:51:09,812,30
2024-01-30 04:51:18,812,29
2024-01-30 04:51:27,812,30
2024-01-30 04:51:36,812,27
2024-01-30 04:51:46,812,23
2024-01-30 04:51:56,812,23
2024-01-30 04:52:06,812,27
2024-01-30 04:52:16,811,29
2024-01-30 04:52:25,812,25
2024-01-30 04:52:35,812,30
2024-01-30 04:52:44,812,27
2024-01-30 04:52:53,810,22
2024-01-30 04:53:03,810,18
2024-01-30 04:53:12,810,23
2024-01-30 04:53:21,809,24
2024-01-30 04:53:31,812,20
2024-01-30 04:53:41,810,24
2024-01-30 04:53:51,811,22
2024-01-30 04:54:00,812,19
2024-01-30 04:54:10,812,19
2024-01-30 04:54:19,812,24
2024-01-30 04:54:28,812,23
2024-01-30 04:54:38,812,20
2024-01-30 04:54:47,812,20
2024-01-30 04:54:56,812,20
2024-01-30 04:55:05,812,25
2024-01-30 04:55:14,812,26
2024-01-30 04:55:24,812,29
2024-01-30 04:55:34,811,29
2024-01-30 04:55:44,812,31
2024-01-30 04:55:54,812,26
2024-01-30 04:56:04,812,23
2024-01-30 04:56:13,812,26
2024-01-30 04:56:22,812,25
2024-01-30 04:56:31,812,23
2024-01-30 04:56:41,812,18
2024-01-30 04:56:50,812,13
2024-01-30 04:57:00,812,13
2024-01-30 04:57:09,812,15
2024-01-30 04:57:18,811,19
2024-01-30 04:57:28,812,16
2024-01-30 04:57:37,812,15
2024-01-30 04:57:47,812,16
2024-01-30 04:57:57,812,16
2024-01-30 04:58:06,812,14
2024-01-30 04:58:16,812,11
2024-01-30 04:58:26,812,11
2024-01-30 04:58:36,812,16
2024-01-30 04:58:45,812,20
2024-01-30 04:58:55,810,15
2024-01-30 04:59:04,811,17
2024-01-30 04:59:13,812,16
2024-01-30 04:59:22,812,18
2024-01-30 04:59:32,812,17
2024-01-30 04:59:41,812,20
2024-01-30 04:59:51,810,22
2024-01-30 05:00:01,809,19
2024-01-30 05:00:11,810,17
2024-01-30 05:00:21,812,13
2024-01-30 05:00:31,811,11
2024-01-30 05:00:41,810,11
2024-01-30 05:00:51,811,13
2024-01-30 05:01:00,810,11
2024-01-30 05:01:09,808,15
2024-01-30 05:01:18,812,18
2024-01-30 05:01:28,812,13
2024-01-30 05:01:37,812,11
2024-01-30 05:01:47,812,15
2024-01-30 05:01:57,811,12
2024-01-30 05:02:06,812,12
2024-01-30 05:02:15,812,17
2024-01-30 05:02:25,812,21
2024-01-30 05:02:35,812,25
2024-01-30 05:02:45,812,23
2024-01-30 05:02:55,812,24
2024-01-30 05:03:05,812,23
2024-01-30 05:03:14,812,20
2024-01-30 05:03:24,812,18
2024-01-30 05:03:34,812,15
2024-01-30 05:03:43,812,12
2024-01-30 05:03:53,812,11
2024-01-30 05:04:02,812,11
2024-01-30 05:04:12,812,11
2024-01-30 05:04:22,812,11
2024-01-30 05:04:32,812,15
2024-01-30 05:04:41,810,13
2024-01-30 05:04:50,809,11
2024-01-30 05:04:59,812,11
2024-01-30 05:05:09,812,15
2024-01-30 05:05:18,812,19
2024-01-30 05:05:27,812,20
2024-01-30 05:05:36,812,25
2024-01-30 05:05:45,812,24
2024-01-30 05:05:55,812,20
2024-01-30 05:06:04,812,16
2024-01-30 05:06:13,812,13
2024-01-30 05:06:22,812,12
2024-01-30 05:06:32,810,11
2024-01-30 05:06:41,812,14
2024-01-30 05:06:51,812,11
2024-01-30 05:07:01,812,11
2024-01-30 05:07:11,812,11
2024-01-30 05:07:20,812,11
2024-01-30 05:07:30,812,16
2024-01-30 05:07:39,812,13
2024-01-30 05:07:48,812,16
2024-01-30 05:07:57,811,15
2024-01-30 05:08:06,812,11
2024-01-30 05:08:15,812,11
2024-01-30 05:08:25,811,11
2024-01-30 05:08:34,812,12
2024-01-30 05:08:43,812,16
2024-01-30 05:08:52,812,19
2024-01-30 05:09:02,812,19
2024-01-30 05:09:12,812,14
2024-01-30 05:09:21,812,11
2024-01-30 05:09:30,812,14
2024-01-30 05:09:39,812,13
2024-01-30 05:09:49,811,11
2024-01-30 05:09:59,812,12
2024-01-30 05:10:08,812,11
2024-01-30 05:10:17,811,11
2024-01-30 05:10:26,812,11
2024-01-30 05:10:35,812,16
2024-01-30 05:10:45,812,13
2024-01-30 05:10:55,811,16
2024-01-30 05:11:04,811,14
2024-01-30 05:11:13,812,13
2024-01-30 05:11:22,812,18
2024-01-30 05:11:32,812,22
2024-01-30 05:11:41,812,21
2024-01-30 05:11:51,812,19
2024-01-30 05:12:00,812,20
2024-01-30 05:12:09,812,22
2024-01-30 05:12:19,812,20
2024-01-30 05:12:28,812,15
2024-01-30 05:12:37,812,20
2024-01-30 05:12:46,812,25
2024-01-30 05:12:55,812,25
2024-01-30 05:13:05,812,24
2024-01-30 05:13:14,812,19
2024-01-30 05:13:24,812,23
2024-01-30 05:13:33,812,22
2024-01-30 05:13:43,812,27
2024-01-30 05:13:52,812,26
2024-01-30 05:14:01,812,22
2024-01-30 05:14:10,812,19
2024-01-30 05:14:19,812,21
2024-01-30 05:14:28,812,17
2024-01-30 05:14:37,812,14
2024-01-30 05:14:46,810,15
2024-01-30 05:14:56,810,11
2024-01-30 05:15:05,810,15
2024-01-30 05:15:15,812,18
2024-01-30 05:15:24,812,21
2024-01-30 05:15:33,812,25
2024-01-30 05:15:42,812,30
2024-01-30 05:15:51,812,26
2024-01-30 05:16:01,812,25
2024-01-30 05:16:10,812,27
2024-01-30 05:16:19,812,23
2024-01-30 05:16:28,812,24
2024-01-30 05:16:37,812,22
2024-01-30 05:16:46,810,18
2024-01-30 05:16:55,812,19
2024-01-30 05:17:04,812,17
2024-01-30 05:17:13,812,19
2024-01-30 05:17:22,812,20
2024-01-30 05:17:31,812,18
2024-01-30 05:17:41,812,13
2024-01-30 05:17:51,812,17
2024-01-30 05:18:00,812,18
2024-01-30 05:18:10,812,14
2024-01-30 05:18:20,810,11
2024-01-30 05:18:29,812,15
2024-01-30 05:18:38,812,17
2024-01-30 05:18:48,811,21
2024-01-30 05:18:58,812,19
2024-01-30 05:19:08,812,24
2024-01-30 05:19:18,812,22
2024-01-30 05:19:27,811,20
2024-01-30 05:19:37,812,19
2024-01-30 05:19:46,812,22
2024-01-30 05:19:56,812,23
2024-01-30 05:20:06,810,24
2024-01-30 05:20:15,812,22
2024-01-30 05:20:25,812,21
2024-01-30 05:20:34,812,16
2024-01-30 05:20:44,812,15
2024-01-30 05:20:53,812,15
2024-01-30 05:21:03,812,11
2024-01-30 05:21:12,812,16
2024-01-30 05:21:21,812,17
2024-01-30 05:21:31,812,20
2024-01-30 05:21:40,810,23
2024-01-30 05:21:50,809,27
2024-01-30 05:21:59,812,24
2024-01-30 05:22:08,812,24
2024-01-30 05:22:18,812,27
2024-01-30 05:22:27,812,25
2024-01-30 05:22:36,812,26
2024-01-30 05:22:46,812,30
2024-01-30 05:22:56,812,30
2024-01-30 05:23:06,811,29
2024-01-30 05:23:16,812,30
2024-01-30 05:23:25,811,30
2024-01-30 05:23:34,812,35
2024-01-30 05:23:44,810,40
2024-01-30 05:23:53,809,37
2024-01-30 05:24:03,812,33
2024-01-30 05:24:12,812,29
2024-01-30 05:24:22,812,25
2024-01-30 05:24:31,812,24
2024-01-30 05:24:41,812,21
2024-01-30 05:24:50,812,17
2024-01-30 05:25:00,810,13
2024-01-30 05:25:09,812,16
2024-01-30 05:25:18,812,16
2024-01-30 05:25:27,812,12
2024-01-30 05:25:37,812,12
2024-01-30 05:25:46,812,16
2024-01-30 05:25:56,812,16
2024-01-30 05:26:05,812,21
2024-01-30 05:26:15,812,24
2024-01-30 05:26:24,812,23
2024-01-30 05:26:33,812,26
2024-01-30 05:26:43,812,30
2024-01-30 05:26:53,812,34
2024-01-30 05:27:02,812,35
2024-01-30 05:27:12,811,37
2024-01-30 05:27:22,809,36
2024-01-30 05:27:32,812,31
2024-01-30 05:27:42,811,26
2024-01-30 05:27:51,812,29
2024-01-30 05:28:00,812,31
2024-01-30 05:28:10,812,34
2024-01-30 05:28:19,812,32
2024-01-30 05:28:29,812,28
2024-01-30 05:28:39,812,23
2024-01-30 05:28:48,812,27
2024-01-30 05:28:57,812,25
2024-01-30 05:29:07,811,26
2024-01-30 05:29:16,810,30
2024-01-30 05:29:26,810,28
2024-01-30 05:29:35,811,31
2024-01-30 05:29:45,811,34
2024-01-30 05:29:54,810,39
2024-01-30 05:30:04,812,39
2024-01-30 05:30:13,812,39
2024-01-30 05:30:23,811,34
2024-01-30 05:30:33,812,32
2024-01-30 05:30:43,812,27
2024-01-30 05:30:53,810,27
2024-01-30 05:31:02,812,29
2024-01-30 05:31:11,812,31
2024-01-30 05:31:20,812,36
2024-01-30 05:31:30,812,40
2024-01-30 05:31:39,812,44
2024-01-30 05:31:49,812,39
2024-01-30 05:31:59,811,37
2024-01-30 05:32:08,812,36
2024-01-30 05:32:17,812,38
2024-01-30 05:32:26,812,43
2024-01-30 05:32:36,810,44
2024-01-30 05:32:45,812,43
2024-01-30 05:32:55,811,48
2024-01-30 05:33:04,812,47
2024-01-30 05:33:14,812,47
2024-01-30 05:33:23,812,49
2024-01-30 05:33:32,812,48
2024-01-30 05:33:41,810,47
2024-01-30 05:33:50,808,44
2024-01-30 05:33:59,806,48
2024-01-30 05:34:09,807,49
2024-01-30 05:34:18,812,48
2024-01-30 05:34:28,812,49
2024-01-30 05:34:38,812,48
2024-01-30 05:34:47,812,53
2024-01-30 05:34:56,812,53
2024-01-30 05:35:06,810,51
2024-01-30 05:35:15,812,55
2024-01-30 05:35:24,812,60
2024-01-30 05:35:34,812,59
2024-01-30 05:35:43,810,64
2024-01-30 05:35:53,812,69
2024-01-30 05:36:03,812,66
2024-01-30 05:36:12,812,70
2024-01-30 05:36:21,812,69
2024-01-30 05:36:31,812,64
2024-01-30 05:36:40,812,62
2024-01-30 05:36:49,812,63
2024-01-30 05:36:58,812,68
2024-01-30 05:37:08,812,69
2024-01-30 05:37:17,812,66
2024-01-30 05:37:26,812,66
2024-01-30 05:37:36,812,61
2024-01-30 05:37:45,812,60
2024-01-30 05:37:55,812,64
2024-01-30 05:38:05,812,62
2024-01-30 05:38:15,812,62
2024-01-30 05:38:25,812,57
2024-01-30 05:38:34,812,61
2024-01-30 05:38:44,812,62
2024-01-30 05:38:54,812,64
2024-01-30 05:39:04,812,69
2024-01-30 05:39:14,811,67
2024-01-30 05:39:23,810,65
2024-01-30 05:39:32,812,62
2024-01-30 05:39:42,812,60
2024-01-30 05:39:51,812,55
2024-01-30 05:40:00,812,56
2024-01-30 05:40:10,810,55
2024-01-30 05:40:20,809,60
2024-01-30 05:40:29,808,62
2024-01-30 05:40:39,812,67
2024-01-30 05:40:48,812,66
2024-01-30 05:40:58,812,70
2024-01-30 05:41:07,812,70
2024-01-30 05:41:16,812,75
2024-01-30 05:41:26,812,75
2024-01-30 05:41:36,811,71
2024-01-30 05:41:45,812,69
2024-01-30 05:41:54,810,66
2024-01-30 05:42:03,810,61
2024-01-30 05:42:12,812,56
2024-01-30 05:42:21,812,53
2024-01-30 05:42:30,812,56
2024-01-30 05:42:39,812,56
2024-01-30 05:42:48,812,53
2024-01-30 05:42:58,812,57
2024-01-30 05:43:08,812,59
2024-01-30 05:43:17,812,64
2024-01-30 05:43:26,812,69
2024-01-30 05:43:36,810,68
2024-01-30 05:43:45,812,70
2024-01-30 05:43:55,812,74
2024-01-30 05:44:05,812,73
2024-01-30 05:44:15,811,71
2024-01-30 05:44:25,812,68
2024-01-30 05:44:34,812,63
2024-01-30 05:44:44,812,68
2024-01-30 05:44:53,812,72
2024-01-30 05:45:03,812,69
2024-01-30 05:45:13,812,74
2024-01-30 05:45:23,812,70
2024-01-30 05:45:32,812,70
2024-01-30 05:45:41,812,68
2024-01-30 05:45:51,812,69
2024-01-30 05:46:01,810,72
2024-01-30 05:46:10,810,76
2024-01-30 05:46:19,812,75
2024-01-30 05:46:28,812,75
2024-01-30 05:46:37,812,70
2024-01-30 05:46:47,812,74
2024-01-30 05:46:57,812,77
2024-01-30 05:47:07,812,79
2024-01-30 05:47:16,812,78
2024-01-30 05:47:25,812,75
2024-01-30 05:47:34,812,77
2024-01-30 05:47:44,812,72
2024-01-30 05:47:54,810,69
2024-01-30 05:48:03,810,69
2024-01-30 05:48:13,809,64
2024-01-30 05:48:22,812,61
2024-01-30 05:48:31,811,57
2024-01-30 05:48:41,810,54
2024-01-30 05:48:51,812,53
2024-01-30 05:49:00,812,53
2024-01-30 05:49:10,812,57
2024-01-30 05:49:20,810,62
2024-01-30 05:49:29,812,62
2024-01-30 05:49:38,812,65
2024-01-30 05:49:48,812,60
2024-01-30 05:49:57,812,62
2024-01-30 05:50:07,812,65
2024-01-30 05:50:16,812,64
2024-01-30 05:50:26,810,59
2024-01-30 05:50:35,812,60
2024-01-30 05:50:45,812,55
2024-01-30 05:50:54,812,53
2024-01-30 05:51:03,812,49
2024-01-30 05:51:13,812,48
2024-01-30 05:51:22,812,46
2024-01-30 05:51:32,810,41
2024-01-30 05:51:42,809,46
2024-01-30 05:51:51,812,41
2024-01-30 05:52:01,812,40
2024-01-30 05:52:10,812,36
2024-01-30 05:52:20,812,32
2024-01-30 05:52:30,812,30
2024-01-30 05:52:39,812,35
2024-01-30 05:52:49,812,33
2024-01-30 05:52:58,812,34
2024-01-30 05:53:08,812,37
2024-01-30 05:53:17,812,41
2024-01-30 05:53:27,812,45
2024-01-30 05:53:36,812,47
2024-01-30 05:53:46,812,48
2024-01-30 05:53:56,812,50
2024-01-30 05:54:05,812,47
2024-01-30 05:54:14,811,50
2024-01-30 05:54:24,810,52
2024-01-30 05:54:33,812,51
2024-01-30 05:54:42,812,52
2024-01-30 05:54:51,812,52
2024-01-30 05:55:00,810,47
2024-01-30 05:55:10,811,47
2024-01-30 05:55:19,812,50
2024-01-30 05:55:29,812,50
2024-01-30 05:55:38,812,45
2024-01-30 05:55:48,812,43
2024-01-30 05:55:58,812,45
2024-01-30 05:56:07,812,42
2024-01-30 05:56:17,812,44
2024-01-30 05:56:26,812,43
2024-01-30 05:56:36,812,45
2024-01-30 05:56:45,812,48
2024-01-30 05:56:55,812,43
2024-01-30 05:57:05,812,42
2024-01-30 05:57:15,812,38
2024-01-30 05:57:24,812,35
2024-01-30 05:57:33,812,35
2024-01-30 05:57:43,812,38
2024-01-30 05:57:53,811,41
2024-01-30 05:58:03,810,46
2024-01-30 05:58:13,808,42
2024-01-30 05:58:22,812,39
2024-01-30 05:58:31,812,40
2024-01-30 05:58:41,812,35
2024-01-30 05:58:51,812,32
2024-01-30 05:59:01,812,27
2024-01-30 05:59:11,812,27
2024-01-30 05:59:20,812,26
2024-01-30 05:59:30,812,26
2024-01-30 05:59:40,810,30
2024-01-30 05:59:50,808,25
2024-01-30 06:00:00,808,25
2024-01-30 06:00:09,807,30
2024-01-30 06:00:18,806,31
2024-01-30 06:00:27,804,29
2024-01-30 06:00:37,802,33
2024-01-30 06:00:46,805,28
2024-01-30 06:00:56,811,24
2024-01-30 06:01:05,809,20
2024-01-30 06:01:15,807,15
2024-01-30 06:01:24,812,13
2024-01-30 06:01:34,812,18
2024-01-30 06:01:43,811,19
2024-01-30 06:01:52,812,21
2024-01-30 06:02:01,812,22
2024-01-30 06:02:11,812,21
2024-01-30 06:02:20,812,26
2024-01-30 06:02:30,812,30
2024-01-30 06:02:39,812,25
2024-01-30 06:02:48,811,25
2024-01-30 06:02:58,812,23
2024-01-30 06:03:07,812,24
2024-01-30 06:03:17,812,21
2024-01-30 06:03:26,812,17
2024-01-30 06:03:36,810,19
2024-01-30 06:03:46,812,24
2024-01-30 06:03:56,812,23
2024-01-30 06:04:05,812,21
2024-01-30 06:04:15,810,24
2024-01-30 06:04:24,810,19
2024-01-30 06:04:33,812,14
2024-01-30 06:04:43,812,13
2024-01-30 06:04:52,812,11
2024-01-30 06:05:01,812,11
2024-01-30 06:05:11,810,14
2024-01-30 06:05:20,812,17
2024-01-30 06:05:30,812,20
2024-01-30 06:05:39,812,20
2024-01-30 06:05:49,812,24
2024-01-30 06:05:58,812,24
2024-01-30 06:06:08,811,23
2024-01-30 06:06:18,811,27
2024-01-30 06:06:28,812,22
2024-01-30 06:06:37,811,21
2024-01-30 06:06:47,811,26
2024-01-30 06:06:57,810,29
2024-01-30 06:07:06,812,26
2024-01-30 06:07:15,810,23
2024-01-30 06:07:25,812,23
2024-01-30 06:07:35,812,21
2024-01-30 06:07:44,812,22
2024-01-30 06:07:54,812,26
2024-01-30 06:08:04,812,27
2024-01-30 06:08:14,812,30
2024-01-30 06:08:23,812,34
2024-01-30 06:08:32,812,37
2024-01-30 06:08:42,812,39
2024-01-30 06:08:51,812,35
2024-01-30 06:09:00,812,31
2024-01-30 06:09:10,812,27
2024-01-30 06:09:19,812,31
2024-01-30 06:09:28,812,28
2024-01-30 06:09:37,810,25
2024-01-30 06:09:47,809,27
2024-01-30 06:09:57,810,32
2024-01-30 06:10:06,808,34
2024-01-30 06:10:16,812,32
2024-01-30 06:10:26,812,29
2024-01-30 06:10:35,812,26
2024-01-30 06:10:45,812,28
2024-01-30 06:10:55,812,31
2024-01-30 06:11:04,812,31
2024-01-30 06:11:14,812,27
2024-01-30 06:11:23,812,28
2024-01-30 06:11:32,810,28
2024-01-30 06:11:41,809,32
2024-01-30 06:11:50,812,31
2024-01-30 06:11:59,812,29
2024-01-30 06:12:08,810,31
2024-01-30 06:12:17,808,31
2024-01-30 06:12:27,812,35
2024-01-30 06:12:36,812,32
2024-01-30 06:12:46,812,27
2024-01-30 06:12:55,812,30
2024-01-30 06:13:05,812,28
2024-01-30 06:13:14,812,27
2024-01-30 06:13:24,812,32
2024-01-30 06:13:33,812,33
2024-01-30 06:13:43,811,36
2024-01-30 06:13:52,812,40
2024-01-30 06:14:01,812,45
2024-01-30 06:14:11,812,41
2024-01-30 06:14:21,810,44
2024-01-30 06:14:30,809,49
2024-01-30 06:14:40,812,52
2024-01-30 06:14:50,812,53
2024-01-30 06:15:00,810,55
2024-01-30 06:15:09,812,56
2024-01-30 06:15:18,812,57
2024-01-30 06:15:27,812,61
2024-01-30 06:15:36,812,59
2024-01-30 06:15:45,812,54
2024-01-30 06:15:54,812,49
2024-01-30 06:16:04,811,44
2024-01-30 06:16:13,810,49
2024-01-30 06:16:22,812,47
2024-01-30 06:16:31,811,51
2024-01-30 06:16:41,812,54
2024-01-30 06:16:51,812,59
2024-01-30 06:17:00,812,59
2024-01-30 06:17:10,812,63
2024-01-30 06:17:19,812,64
2024-01-30 06:17:28,812,66
2024-01-30 06:17:38,812,70
2024-01-30 06:17:48,810,71
2024-01-30 06:17:58,812,73
2024-01-30 06:18:08,811,71
2024-01-30 06:18:17,812,69
2024-01-30 06:18:26,810,64
2024-01-30 06:18:35,812,63
2024-01-30 06:18:44,812,60
2024-01-30 06:18:54,811,59
2024-01-30 06:19:03,812,64
2024-01-30 06:19:13,812,69
2024-01-30 06:19:23,811,71
2024-01-30 06:19:33,811,69
2024-01-30 06:19:43,809,67
2024-01-30 06:19:53,808,71
2024-01-30 06:20:02,808,68
2024-01-30 06:20:11,808,70
2024-01-30 06:20:20,812,74
2024-01-30 06:20:29,812,74
2024-01-30 06:20:39,812,79
2024-01-30 06:20:49,810,80
2024-01-30 06:20:59,809,77
2024-01-30 06:21:08,811,73
2024-01-30 06:21:17,812,78
2024-01-30 06:21:26,812,76
2024-01-30 06:21:35,812,79
2024-01-30 06:21:44,811,80
2024-01-30 06:21:53,812,76
2024-01-30 06:22:02,810,75
2024-01-30 06:22:12,809,78
2024-01-30 06:22:22,812,78
2024-01-30 06:22:32,812,76
2024-01-30 06:22:42,812,81
2024-01-30 06:22:52,812,77
2024-01-30 06:23:01,812,75
2024-01-30 06:23:10,812,80
2024-01-30 06:23:19,812,85
2024-01-30 06:23:28,812,87
2024-01-30 06:23:38,812,92
2024-01-30 06:23:47,812,89
2024-01-30 06:23:57,812,93
2024-01-30 06:24:06,812,93
2024-01-30 06:24:16,812,93
2024-01-30 06:24:26,812,93
2024-01-30 06:24:35,812,93
2024-01-30 06:24:45,812,92
2024-01-30 06:24:55,812,88
2024-01-30 06:25:05,812,93
2024-01-30 06:25:14,812,92
2024-01-30 06:25:24,812,87
2024-01-30 06:25:34,810,91
2024-01-30 06:25:43,812,89
2024-01-30 06:25:53,810,84
2024-01-30 06:26:02,812,82
2024-01-30 06:26:11,812,86
2024-01-30 06:26:21,812,84
2024-01-30 06:26:31,812,86
2024-01-30 06:26:41,812,86
2024-01-30 06:26:51,812,86
2024-01-30 06:27:01,812,85
2024-01-30 06:27:11,812,86
2024-01-30 06:27:21,812,88
2024-01-30 06:27:31,812,87
2024-01-30 06:27:41,812,83
2024-01-30 06:27:50,812,82
2024-01-30 06:27:59,811,81
2024-01-30 06:28:09,812,83
2024-01-30 06:28:18,812,86
2024-01-30 06:28:28,810,84
2024-01-30 06:28:37,812,84
2024-01-30 06:28:47,812,83
2024-01-30 06:28:56,810,83
2024-01-30 06:29:05,809,82
2024-01-30 06:29:14,812,84
2024-01-30 06:29:24,810,79
2024-01-30 06:29:34,810,75
2024-01-30 06:29:44,812,80
2024-01-30 06:29:54,812,76
2024-01-30 06:30:04,812,75
2024-01-30 06:30:13,812,75
2024-01-30 06:30:22,812,78
2024-01-30 06:30:32,812,78
2024-01-30 06:30:41,810,75
2024-01-30 06:30:50,809,77
2024-01-30 06:30:59,808,73
2024-01-30 06:31:09,811,70
2024-01-30 06:31:19,812,72
2024-01-30 06:31:29,810,70
2024-01-30 06:31:39,810,65
2024-01-30 06:31:48,808,65
2024-01-30 06:31:58,812,65
2024-01-30 06:32:08,811,68
2024-01-30 06:32:18,809,68
2024-01-30 06:32:28,809,63
2024-01-30 06:32:38,808,63
2024-01-30 06:32:47,812,63
2024-01-30 06:32:57,811,65
2024-01-30 06:33:07,812,60
2024-01-30 06:33:16,812,63
2024-01-30 06:33:26,811,59
2024-01-30 06:33:35,812,57
2024-01-30 06:33:45,812,60
2024-01-30 06:33:55,812,60
2024-01-30 06:34:05,812,55
2024-01-30 06:34:14,812,57
2024-01-30 06:34:24,810,61
2024-01-30 06:34:33,812,61
2024-01-30 06:34:42,812,59
2024-01-30 06:34:51,812,64
2024-01-30 06:35:01,812,61
2024-01-30 06:35:11,810,57
2024-01-30 06:35:21,810,57
2024-01-30 06:35:31,812,60
2024-01-30 06:35:41,812,60
2024-01-30 06:35:51,812,59
2024-01-30 06:36:01,812,64
2024-01-30 06:36:10,812,68
2024-01-30 06:36:20,812,66
2024-01-30 06:36:30,812,71
2024-01-30 06:36:40,812,66
2024-01-30 06:36:50,811,69
2024-01-30 06:37:00,811,66
2024-01-30 06:37:09,812,70
2024-01-30 06:37:18,812,75
2024-01-30 06:37:28,811,80
2024-01-30 06:37:37,812,82
2024-01-30 06:37:47,812,78
2024-01-30 06:37:56,810,77
2024-01-30 06:38:05,812,78
2024-01-30 06:38:14,812,78
2024-01-30 06:38:23,812,82
2024-01-30 06:38:33,812,87
2024-01-30 06:38:42,812,87
2024-01-30 06:38:52,812,86
2024-01-30 06:39:01,812,88
2024-01-30 06:39:11,812,91
2024-01-30 06:39:20,812,93
2024-01-30 06:39:29,812,93
2024-01-30 06:39:38,812,93
2024-01-30 06:39:48,810,93
2024-01-30 06:39:57,812,93
2024-01-30 06:40:06,812,93
2024-01-30 06:40:16,812,93
2024-01-30 06:40:25,812,93
2024-01-30 06:40:34,812,88
2024-01-30 06:40:43,812,85
2024-01-30 06:40:53,812,80
2024-01-30 06:41:03,812,84
2024-01-30 06:41:13,812,87
2024-01-30 06:41:22,812,87
2024-01-30 06:41:31,812,87
2024-01-30 06:41:41,812,82
2024-01-30 06:41:50,812,87
2024-01-30 06:41:59,812,84
2024-01-30 06:42:08,811,83
2024-01-30 06:42:17,812,82
2024-01-30 06:42:27,812,79
2024-01-30 06:42:36,812,77
2024-01-30 06:42:45,812,78
2024-01-30 06:42:55,812,83
2024-01-30 06:43:05,812,84
2024-01-30 06:43:15,811,86
2024-01-30 06:43:24,809,83
2024-01-30 06:43:34,812,82
2024-01-30 06:43:44,812,82
2024-01-30 06:43:54,812,86
2024-01-30 06:44:03,812,85
2024-01-30 06:44:12,810,90
2024-01-30 06:44:21,810,92
2024-01-30 06:44:31,809,87
2024-01-30 06:44:41,812,83
2024-01-30 06:44:51,812,80
2024-01-30 06:45:00,812,80
2024-01-30 06:45:09,810,81
2024-01-30 06:45:19,812,78
2024-01-30 06:45:29,812,73
2024-01-30 06:45:39,812,73
2024-01-30 06:45:48,812,73
2024-01-30 06:45:57,812,75
2024-01-30 06:46:07,812,76
2024-01-30 06:46:16,812,77
2024-01-30 06:46:26,812,73
2024-01-30 06:46:35,812,71
2024-01-30 06:46:44,812,71
2024-01-30 06:46:53,812,69
2024-01-30 06:47:03,812,67
2024-01-30 06:47:12,812,63
2024-01-30 06:47:21,811,62
2024-01-30 06:47:31,812,57
2024-01-30 06:47:41,812,60
2024-01-30 06:47:50,810,64
2024-01-30 06:48:00,808,68
2024-01-30 06:48:09,810,64
2024-01-30 06:48:19,812,68
2024-01-30 06:48:29,812,67
2024-01-30 06:48:39,812,66
2024-01-30 06:48:48,812,70
2024-01-30 06:48:58,812,69
2024-01-30 06:49:07,812,68
2024-01-30 06:49:17,811,68
2024-01-30 06:49:26,812,69
2024-01-30 06:49:36,812,69
2024-01-30 06:49:45,811,64
2024-01-30 06:49:54,811,60
2024-01-30 06:50:03,812,63
2024-01-30 06:50:12,812,66
2024-01-30 06:50:21,812,63
2024-01-30 06:50:30,812,63
2024-01-30 06:50:39,812,58
2024-01-30 06:50:48,812,61
2024-01-30 06:50:57,812,57
2024-01-30 06:51:07,812,55
2024-01-30 06:51:17,812,59
2024-01-30 06:51:26,812,54
2024-01-30 06:51:35,810,49
2024-01-30 06:51:45,808,44
2024-01-30 06:51:55,810,39
2024-01-30 06:52:04,811,34
2024-01-30 06:52:14,809,30
2024-01-30 06:52:24,811,28
2024-01-30 06:52:34,810,27
2024-01-30 06:52:44,812,23
2024-01-30 06:52:54,812,24
2024-01-30 06:53:04,812,22
2024-01-30 06:53:13,812,22
2024-01-30 06:53:23,812,17
2024-01-30 06:53:32,812,21
2024-01-30 06:53:41,811,21
2024-01-30 06:53:51,812,25
2024-01-30 06:54:01,810,30
2024-01-30 06:54:10,810,31
2024-01-30 06:54:20,812,28
2024-01-30 06:54:30,812,27
2024-01-30 06:54:39,812,31
2024-01-30 06:54:48,812,36
2024-01-30 06:54:57,812,36
2024-01-30 06:55:06,812,36
2024-01-30 06:55:16,810,34
2024-01-30 06:55:25,812,31
2024-01-30 06:55:35,812,33
2024-01-30 06:55:45,812,31
2024-01-30 06:55:54,812,27
2024-01-30 06:56:04,810,31
2024-01-30 06:56:13,808,32
2024-01-30 06:56:22,808,36
2024-01-30 06:56:31,812,35
2024-01-30 06:56:40,812,32
2024-01-30 06:56:49,812,36
2024-01-30 06:56:59,812,37
2024-01-30 06:57:08,812,42
2024-01-30 06:57:18,812,38
2024-01-30 06:57:27,812,41
2024-01-30 06:57:37,812,43
2024-01-30 06:57:46,812,47
2024-01-30 06:57:56,812,44
2024-01-30 06:58:05,812,42
2024-01-30 06:58:14,810,41
2024-01-30 06:58:24,812,37
2024-01-30 06:58:33,812,35
2024-01-30 06:58:42,812,31
2024-01-30 06:58:51,810,30
2024-01-30 06:59:00,812,34
2024-01-30 06:59:09,810,30
2024-01-30 06:59:19,812,35
2024-01-30 06:59:29,812,33
2024-01-30 06:59:38,812,31
2024-01-30 06:59:47,812,26
2024-01-30 06:59:57,811,28
2024-01-30 07:00:06,812,31
2024-01-30 07:00:16,812,34
2024-01-30 07:00:26,812,37
2024-01-30 07:00:35,812,42
2024-01-30 07:00:45,811,39
2024-01-30 07:00:54,812,44
2024-01-30 07:01:04,812,48
2024-01-30 07:01:14,812,50
2024-01-30 07:01:24,812,49
2024-01-30 07:01:34,812,47
2024-01-30 07:01:44,810,50
2024-01-30 07:01:54,808,53
2024-01-30 07:02:03,812,50
2024-01-30 07:02:12,812,54
2024-01-30 07:02:22,812,59
2024-01-30 07:02:31,812,59
2024-01-30 07:02:41,812,60
2024-01-30 07:02:50,812,56
2024-01-30 07:02:59,810,55
2024-01-30 07:03:09,812,50
2024-01-30 07:03:19,812,50
2024-01-30 07:03:29,812,45
2024-01-30 07:03:39,812,41
2024-01-30 07:03:48,812,43
2024-01-30 07:03:57,812,42
2024-01-30 07:04:07,812,42
2024-01-30 07:04:16,811,47
2024-01-30 07:04:25,811,50
2024-01-30 07:04:35,810,45
2024-01-30 07:04:45,812,48
2024-01-30 07:04:54,812,51
2024-01-30 07:05:03,812,51
2024-01-30 07:05:13,812,53
2024-01-30 07:05:23,812,48
2024-01-30 07:05:32,812,50
2024-01-30 07:05:42,812,52
2024-01-30 07:05:51,812,50
2024-01-30 07:06:00,812,50
2024-01-30 07:06:10,812,53
2024-01-30 07:06:20,812,56
2024-01-30 07:06:29,812,55
2024-01-30 07:06:39,812,50
2024-01-30 07:06:49,812,54
2024-01-30 07:06:58,812,52
2024-01-30 07:07:08,812,52
2024-01-30 07:07:18,812,48
2024-01-30 07:07:27,812,43
2024-01-30 07:07:37,812,46
2024-01-30 07:07:47,812,42
2024-01-30 07:07:56,812,38
2024-01-30 07:08:05,812,35
2024-01-30 07:08:15,812,33
2024-01-30 07:08:24,812,30
2024-01-30 07:08:33,810,30
2024-01-30 07:08:43,809,25
2024-01-30 07:08:52,811,26
2024-01-30 07:09:02,811,31
2024-01-30 07:09:12,812,35
2024-01-30 07:09:21,812,31
2024-01-30 07:09:30,812,28
2024-01-30 07:09:40,812,28
2024-01-30 07:09:50,812,29
2024-01-30 07:10:00,810,32
2024-01-30 07:10:10,808,36
2024-01-30 07:10:19,807,36
2024-01-30 07:10:29,808,40
2024-01-30 07:10:39,811,43
2024-01-30 07:10:49,809,40
2024-01-30 07:10:58,807,42
2024-01-30 07:11:07,811,39
2024-01-30 07:11:17,812,40
2024-01-30 07:11:26,812,45
2024-01-30 07:11:36,810,41
2024-01-30 07:11:45,811,41
2024-01-30 07:11:54,810,42
2024-01-30 07:12:03,810,43
2024-01-30 07:12:12,809,38
2024-01-30 07:12:22,812,39
2024-01-30 07:12:32,810,43
2024-01-30 07:12:42,812,47
2024-01-30 07:12:51,812,48
2024-01-30 07:13:01,812,43
2024-01-30 07:13:10,812,48
2024-01-30 07:13:20,812,43
2024-01-30 07:13:29,812,43
2024-01-30 07:13:39,811,39
2024-01-30 07:13:49,812,41
2024-01-30 07:13:58,812,45
2024-01-30 07:14:08,812,40
2024-01-30 07:14:18,812,37
2024-01-30 07:14:27,812,34
2024-01-30 07:14:37,810,36
2024-01-30 07:14:47,812,38
2024-01-30 07:14:56,811,39
2024-01-30 07:15:05,812,39
2024-01-30 07:15:15,812,35
2024-01-30 07:15:24,812,32
2024-01-30 07:15:34,811,36
2024-01-30 07:15:44,812,40
2024-01-30 07:15:54,812,39
2024-01-30 07:16:03,812,38
2024-01-30 07:16:13,812,39
2024-01-30 07:16:23,812,35
2024-01-30 07:16:33,812,38
2024-01-30 07:16:42,812,33
2024-01-30 07:16:51,812,30
2024-01-30 07:17:00,812,30
2024-01-30 07:17:10,811,26
2024-01-30 07:17:20,812,25
2024-01-30 07:17:29,812,26
2024-01-30 07:17:38,812,24
2024-01-30 07:17:48,811,22
2024-01-30 07:17:57,809,20
2024-01-30 07:18:06,812,19
2024-01-30 07:18:15,812,23
2024-01-30 07:18:25,812,22
2024-01-30 07:18:35,812,20
2024-01-30 07:18:44,812,21
2024-01-30 07:18:53,812,16
2024-01-30 07:19:02,812,17
2024-01-30 07:19:12,812,22
2024-01-30 07:19:22,811,25
2024-01-30 07:19:32,812,28
2024-01-30 07:19:42,812,24
2024-01-30 07:19:51,812,19
2024-01-30 07:20:01,811,17
2024-01-30 07:20:11,812,12
2024-01-30 07:20:20,812,17
2024-01-30 07:20:29,812,15
2024-01-30 07:20:39,812,16
2024-01-30 07:20:48,812,12
2024-01-30 07:20:57,812,11
2024-01-30 07:21:06,812,11
2024-01-30 07:21:15,812,16
2024-01-30 07:21:25,812,20
2024-01-30 07:21:35,810,20
2024-01-30 07:21:45,812,16
2024-01-30 07:21:54,812,14
2024-01-30 07:22:03,812,11
2024-01-30 07:22:12,812,15
2024-01-30 07:22:21,812,11
2024-01-30 07:22:30,812,11
2024-01-30 07:22:40,812,16
2024-01-30 07:22:49,812,13
2024-01-30 07:22:59,811,13
2024-01-30 07:23:09,810,18
2024-01-30 07:23:19,809,14
2024-01-30 07:23:28,812,16
2024-01-30 07:23:37,812,11
2024-01-30 07:23:46,810,12
2024-01-30 07:23:55,812,11
2024-01-30 07:24:04,812,11
2024-01-30 07:24:13,812,15
2024-01-30 07:24:22,811,14
2024-01-30 07:24:31,810,11
2024-01-30 07:24:40,808,11
2024-01-30 07:24:49,811,11
2024-01-30 07:24:58,812,11
2024-01-30 07:25:07,810,11
2024-01-30 07:25:16,812,13
2024-01-30 07:25:26,812,11
2024-01-30 07:25:35,812,11
2024-01-30 07:25:44,812,11
2024-01-30 07:25:53,812,16
2024-01-30 07:26:03,812,12
2024-01-30 07:26:12,812,11
2024-01-30 07:26:21,812,16
2024-01-30 07:26:31,812,20
2024-01-30 07:26:40,812,19
2024-01-30 07:26:49,812,21
2024-01-30 07:26:58,812,26
2024-01-30 07:27:08,812,30
2024-01-30 07:27:17,812,26
2024-01-30 07:27:26,812,25
2024-01-30 07:27:35,810,29
2024-01-30 07:27:45,812,27
2024-01-30 07:27:54,812,22
2024-01-30 07:28:03,812,22
2024-01-30 07:28:13,812,25
2024-01-30 07:28:22,812,28
2024-01-30 07:28:31,812,24
2024-01-30 07:28:41,812,20
2024-01-30 07:28:51,812,25
2024-01-30 07:29:01,812,22
2024-01-30 07:29:10,812,26
2024-01-30 07:29:19,812,31
2024-01-30 07:29:29,812,26
2024-01-30 07:29:38,812,26
2024-01-30 07:29:47,812,31
2024-01-30 07:29:57,812,34
2024-01-30 07:30:06,812,36
2024-01-30 07:30:16,812,34
2024-01-30 07:30:25,812,30
2024-01-30 07:30:35,812,34
2024-01-30 07:30:44,812,39
2024-01-30 07:30:53,811,40
2024-01-30 07:31:03,812,42
2024-01-30 07:31:12,812,47
2024-01-30 07:31:21,812,42
2024-01-30 07:31:30,812,43
2024-01-30 07:31:39,812,48
2024-01-30 07:31:48,812,43
2024-01-30 07:31:57,812,39
2024-01-30 07:32:07,812,37
2024-01-30 07:32:17,812,41
2024-01-30 07:32:27,812,45
2024-01-30 07:32:36,812,48
2024-01-30 07:32:46,810,50
2024-01-30 07:32:55,810,49
2024-01-30 07:33:05,812,52
2024-01-30 07:33:15,812,53
2024-01-30 07:33:24,812,48
2024-01-30 07:33:33,812,51
2024-01-30 07:33:42,811,49
2024-01-30 07:33:51,810,44
2024-01-30 07:34:00,811,46
2024-01-30 07:34:10,811,45
2024-01-30 07:34:20,810,40
2024-01-30 07:34:29,812,40
2024-01-30 07:34:38,810,35
2024-01-30 07:34:47,811,39
2024-01-30 07:34:57,812,35
2024-01-30 07:35:06,812,31
2024-01-30 07:35:15,812,32
2024-01-30 07:35:24,812,35
2024-01-30 07:35:34,812,40
2024-01-30 07:35:44,812,41
2024-01-30 07:35:54,812,39
2024-01-30 07:36:03,810,43
2024-01-30 07:36:12,812,47
2024-01-30 07:36:22,810,45
2024-01-30 07:36:32,812,43
2024-01-30 07:36:42,812,43
2024-01-30 07:36:52,812,46
2024-01-30 07:37:02,812,45
2024-01-30 07:37:12,812,50
2024-01-30 07:37:22,812,46
2024-01-30 07:37:31,812,45
2024-01-30 07:37:41,812,45
2024-01-30 07:37:50,812,45
2024-01-30 07:37:59,811,50
2024-01-30 07:38:08,812,53
2024-01-30 07:38:17,811,52
2024-01-30 07:38:27,812,54
2024-01-30 07:38:36,811,59
2024-01-30 07:38:46,812,59
2024-01-30 07:38:55,812,56
2024-01-30 07:39:04,812,54
2024-01-30 07:39:13,812,54
2024-01-30 07:39:22,812,54
2024-01-30 07:39:31,812,55
2024-01-30 07:39:41,811,50
2024-01-30 07:39:51,812,55
2024-01-30 07:40:00,812,54
2024-01-30 07:40:09,812,58
2024-01-30 07:40:19,812,54
2024-01-30 07:40:29,812,58
2024-01-30 07:40:38,812,60
2024-01-30 07:40:47,811,59
2024-01-30 07:40:57,812,56
2024-01-30 07:41:06,812,53
2024-01-30 07:41:16,812,52
2024-01-30 07:41:25,811,57
2024-01-30 07:41:35,812,53
2024-01-30 07:41:44,812,54
2024-01-30 07:41:54,812,50
2024-01-30 07:42:04,810,55
2024-01-30 07:42:14,808,53
2024-01-30 07:42:24,807,54
2024-01-30 07:42:33,806,56
2024-01-30 07:42:43,812,60
2024-01-30 07:42:52,810,63
2024-01-30 07:43:02,812,62
2024-01-30 07:43:11,812,58
2024-01-30 07:43:20,810,59
2024-01-30 07:43:30,812,54
2024-01-30 07:43:40,810,51
2024-01-30 07:43:49,812,56
2024-01-30 07:43:58,812,59
2024-01-30 07:44:07,812,59
2024-01-30 07:44:17,811,59
2024-01-30 07:44:27,812,58
2024-01-30 07:44:36,812,55
2024-01-30 07:44:45,812,50
2024-01-30 07:44:54,812,50
2024-01-30 07:45:04,812,49
2024-01-30 07:45:14,812,46
2024-01-30 07:45:24,812,51
2024-01-30 07:45:34,812,55
2024-01-30 07:45:43,812,52
2024-01-30 07:45:53,812,51
2024-01-30 07:46:02,812,52
2024-01-30 07:46:12,812,50
2024-01-30 07:46:22,812,46
2024-01-30 07:46:32,812,51
2024-01-30 07:46:42,812,54
2024-01-30 07:46:51,812,56
2024-01-30 07:47:00,812,58
2024-01-30 07:47:10,812,60
2024-01-30 07:47:20,810,63
2024-01-30 07:47:30,812,58
2024-01-30 07:47:40,812,62
2024-01-30 07:47:50,812,62
2024-01-30 07:48:00,812,66
2024-01-30 07:48:09,812,70
2024-01-30 07:48:18,812,67
2024-01-30 07:48:27,812,66
2024-01-30 07:48:36,812,69
2024-01-30 07:48:45,812,65
2024-01-30 07:48:54,812,61
2024-01-30 07:49:03,812,66
2024-01-30 07:49:13,810,66
2024-01-30 07:49:23,812,71
2024-01-30 07:49:33,812,68
2024-01-30 07:49:43,812,66
2024-01-30 07:49:53,812,63
2024-01-30 07:50:02,812,61
2024-01-30 07:50:11,812,64
2024-01-30 07:50:20,810,67
2024-01-30 07:50:29,812,68
2024-01-30 07:50:39,812,69
2024-01-30 07:50:48,812,68
2024-01-30 07:50:57,810,70
2024-01-30 07:51:06,808,66
2024-01-30 07:51:15,812,70
2024-01-30 07:51:24,811,66
2024-01-30 07:51:34,809,67
2024-01-30 07:51:43,807,64
2024-01-30 07:51:53,811,65
2024-01-30 07:52:02,812,65
2024-01-30 07:52:12,812,60
2024-01-30 07:52:22,812,64
2024-01-30 07:52:32,811,61
2024-01-30 07:52:41,812,66
2024-01-30 07:52:51,810,66
2024-01-30 07:53:00,812,63
2024-01-30 07:53:10,812,60
2024-01-30 07:53:19,810,57
2024-01-30 07:53:28,812,60
2024-01-30 07:53:38,812,61
2024-01-30 07:53:48,812,64
2024-01-30 07:53:58,810,63
2024-01-30 07:54:08,812,64
2024-01-30 07:54:17,812,62
2024-01-30 07:54:26,810,64
2024-01-30 07:54:35,809,60
2024-01-30 07:54:45,810,60
2024-01-30 07:54:55,811,55
2024-01-30 07:55:04,812,52
2024-01-30 07:55:14,812,53
2024-01-30 07:55:23,812,51
2024-01-30 07:55:33,811,51
2024-01-30 07:55:43,812,46
2024-01-30 07:55:52,812,51
2024-01-30 07:56:01,810,48
2024-01-30 07:56:10,812,44
2024-01-30 07:56:20,812,46
2024-01-30 07:56:29,810,50
2024-01-30 07:56:38,812,45
2024-01-30 07:56:47,810,44
2024-01-30 07:56:56,812,44
2024-01-30 07:57:06,812,42
2024-01-30 07:57:15,812,38
2024-01-30 07:57:25,812,38
2024-01-30 07:57:34,812,39
2024-01-30 07:57:44,810,39
2024-01-30 07:57:54,811,36
2024-01-30 07:58:04,812,38
2024-01-30 07:58:14,812,42
2024-01-30 07:58:23,812,46
2024-01-30 07:58:33,812,46
2024-01-30 07:58:42,812,42
2024-01-30 07:58:52,812,41
2024-01-30 07:59:02,811,37
2024-01-30 07:59:11,812,36
2024-01-30 07:59:21,811,39
2024-01-30 07:59:31,810,38
2024-01-30 07:59:40,810,33
2024-01-30 07:59:50,810,28
2024-01-30 07:59:59,812,28
